Vertices: 100
Top chain length: 38
Bottom chain length: 62
=============TOP CHAIN VERTICES=============
(6, 63)
(12, 295)
(44, 29)
(78, 27)
(126, 71)
(175, 89)
(206, 145)
(227, 321)
(242, 51)
(288, 288)
(347, 89)
(367, 53)
(376, 193)
(477, 32)
(494, 24)
(532, 106)
(537, 114)
(540, 265)
(567, 105)
(635, 1)
(644, 87)
(646, 350)
(681, 39)
(724, 110)
(752, 12)
(788, 116)
(796, 90)
(821, 166)
(858, 200)
(891, 85)
(992, 97)
(999, 101)
(1055, 39)
(1058, 218)
(1071, 11)
(1080, 89)
(1094, 253)
(1099, 149)
===========BOTTOM CHAIN VERTICES============
(10, 129)
(36, 31)
(37, 81)
(40, 17)
(118, 15)
(132, 23)
(158, 68)
(161, 53)
(202, 62)
(218, 204)
(225, 258)
(230, 115)
(241, 10)
(257, 31)
(306, 115)
(328, 41)
(370, 11)
(377, 8)
(411, 57)
(422, 109)
(463, 34)
(495, 4)
(511, 20)
(516, 17)
(533, 24)
(558, 59)
(565, 59)
(584, 21)
(598, 36)
(602, 46)
(613, 1)
(617, 13)
(621, 17)
(623, 16)
(624, 2)
(625, 2)
(627, 10)
(629, 2)
(630, 1)
(630, 3)
(632, 0)
(685, 9)
(731, 2)
(741, 5)
(828, 8)
(829, 154)
(879, 24)
(921, 39)
(949, 32)
(978, 70)
(998, 4)
(1014, 62)
(1050, 18)
(1059, 49)
(1064, 6)
(1066, 58)
(1068, 32)
(1070, 3)
(1117, 197)
(1122, 133)
(1137, 9)
(1151, 291)
==================EDGES=====================
(6, 63) -> (12, 295)
(12, 295) -> (44, 29)
(44, 29) -> (78, 27)
(78, 27) -> (126, 71)
(126, 71) -> (175, 89)
(175, 89) -> (206, 145)
(206, 145) -> (227, 321)
(227, 321) -> (242, 51)
(242, 51) -> (288, 288)
(288, 288) -> (347, 89)
(347, 89) -> (367, 53)
(367, 53) -> (376, 193)
(376, 193) -> (477, 32)
(477, 32) -> (494, 24)
(494, 24) -> (532, 106)
(532, 106) -> (537, 114)
(537, 114) -> (540, 265)
(540, 265) -> (567, 105)
(567, 105) -> (635, 1)
(635, 1) -> (644, 87)
(644, 87) -> (646, 350)
(646, 350) -> (681, 39)
(681, 39) -> (724, 110)
(724, 110) -> (752, 12)
(752, 12) -> (788, 116)
(788, 116) -> (796, 90)
(796, 90) -> (821, 166)
(821, 166) -> (858, 200)
(858, 200) -> (891, 85)
(891, 85) -> (992, 97)
(992, 97) -> (999, 101)
(999, 101) -> (1055, 39)
(1055, 39) -> (1058, 218)
(1058, 218) -> (1071, 11)
(1071, 11) -> (1080, 89)
(1080, 89) -> (1094, 253)
(1094, 253) -> (1099, 149)
(6, 63) -> (10, 129)
(10, 129) -> (36, 31)
(36, 31) -> (37, 81)
(37, 81) -> (40, 17)
(40, 17) -> (118, 15)
(118, 15) -> (132, 23)
(132, 23) -> (158, 68)
(158, 68) -> (161, 53)
(161, 53) -> (202, 62)
(202, 62) -> (218, 204)
(218, 204) -> (225, 258)
(225, 258) -> (230, 115)
(230, 115) -> (241, 10)
(241, 10) -> (257, 31)
(257, 31) -> (306, 115)
(306, 115) -> (328, 41)
(328, 41) -> (370, 11)
(370, 11) -> (377, 8)
(377, 8) -> (411, 57)
(411, 57) -> (422, 109)
(422, 109) -> (463, 34)
(463, 34) -> (495, 4)
(495, 4) -> (511, 20)
(511, 20) -> (516, 17)
(516, 17) -> (533, 24)
(533, 24) -> (558, 59)
(558, 59) -> (565, 59)
(565, 59) -> (584, 21)
(584, 21) -> (598, 36)
(598, 36) -> (602, 46)
(602, 46) -> (613, 1)
(613, 1) -> (617, 13)
(617, 13) -> (621, 17)
(621, 17) -> (623, 16)
(623, 16) -> (624, 2)
(624, 2) -> (625, 2)
(625, 2) -> (627, 10)
(627, 10) -> (629, 2)
(629, 2) -> (630, 1)
(630, 1) -> (630, 3)
(630, 3) -> (632, 0)
(632, 0) -> (685, 9)
(685, 9) -> (731, 2)
(731, 2) -> (741, 5)
(741, 5) -> (828, 8)
(828, 8) -> (829, 154)
(829, 154) -> (879, 24)
(879, 24) -> (921, 39)
(921, 39) -> (949, 32)
(949, 32) -> (978, 70)
(978, 70) -> (998, 4)
(998, 4) -> (1014, 62)
(1014, 62) -> (1050, 18)
(1050, 18) -> (1059, 49)
(1059, 49) -> (1064, 6)
(1064, 6) -> (1066, 58)
(1066, 58) -> (1068, 32)
(1068, 32) -> (1070, 3)
(1070, 3) -> (1117, 197)
(1117, 197) -> (1122, 133)
(1122, 133) -> (1137, 9)
(1137, 9) -> (1151, 291)
(1151, 291) -> (1099, 149)
