Vertices: 100
Top chain length: 50
Bottom chain length: 50
=============TOP CHAIN VERTICES=============
0: (3, 194)
1: (3, 65)
2: (8, 30)
5: (60, 1)
8: (90, 98)
12: (198, 26)
13: (214, 57)
17: (231, 104)
18: (249, 194)
22: (282, 156)
25: (326, 45)
26: (332, 124)
27: (350, 144)
29: (373, 21)
31: (421, 89)
35: (500, 106)
38: (557, 33)
39: (587, 89)
41: (606, 93)
44: (678, 191)
45: (683, 106)
49: (756, 337)
50: (781, 122)
52: (810, 93)
55: (854, 156)
58: (893, 70)
63: (930, 414)
64: (930, 168)
68: (981, 43)
72: (1016, 103)
74: (1067, 146)
76: (1075, 123)
77: (1077, 175)
78: (1092, 50)
79: (1123, 53)
84: (1167, 219)
85: (1177, 5)
87: (1231, 173)
88: (1327, 247)
89: (1378, 44)
90: (1393, 104)
91: (1435, 0)
92: (1465, 145)
93: (1472, 160)
94: (1478, 19)
95: (1509, 67)
96: (1539, 112)
97: (1555, 82)
98: (1557, 77)
99: (1691, 3)
===========BOTTOM CHAIN VERTICES============
3: (32, 18)
4: (51, 70)
6: (67, 63)
7: (70, 126)
9: (147, 270)
10: (153, 261)
11: (195, 171)
14: (215, 100)
15: (221, 136)
16: (222, 232)
19: (251, 340)
20: (254, 190)
21: (270, 186)
23: (283, 225)
24: (313, 101)
28: (354, 221)
30: (405, 110)
32: (431, 132)
33: (450, 100)
34: (493, 173)
36: (508, 244)
37: (525, 112)
40: (604, 135)
42: (626, 158)
43: (663, 222)
46: (711, 230)
47: (718, 229)
48: (745, 410)
51: (791, 149)
53: (810, 108)
54: (830, 253)
56: (866, 198)
57: (881, 97)
59: (904, 175)
60: (906, 198)
61: (911, 295)
62: (913, 276)
65: (931, 431)
66: (950, 377)
67: (960, 333)
69: (983, 168)
70: (1002, 158)
71: (1014, 171)
73: (1020, 130)
75: (1071, 189)
80: (1128, 196)
81: (1140, 154)
82: (1148, 179)
83: (1150, 406)
86: (1189, 378)
==================EDGES=====================
(3, 194) -> (3, 65)
(3, 65) -> (8, 30)
(8, 30) -> (60, 1)
(60, 1) -> (90, 98)
(90, 98) -> (198, 26)
(198, 26) -> (214, 57)
(214, 57) -> (231, 104)
(231, 104) -> (249, 194)
(249, 194) -> (282, 156)
(282, 156) -> (326, 45)
(326, 45) -> (332, 124)
(332, 124) -> (350, 144)
(350, 144) -> (373, 21)
(373, 21) -> (421, 89)
(421, 89) -> (500, 106)
(500, 106) -> (557, 33)
(557, 33) -> (587, 89)
(587, 89) -> (606, 93)
(606, 93) -> (678, 191)
(678, 191) -> (683, 106)
(683, 106) -> (756, 337)
(756, 337) -> (781, 122)
(781, 122) -> (810, 93)
(810, 93) -> (854, 156)
(854, 156) -> (893, 70)
(893, 70) -> (930, 414)
(930, 414) -> (930, 168)
(930, 168) -> (981, 43)
(981, 43) -> (1016, 103)
(1016, 103) -> (1067, 146)
(1067, 146) -> (1075, 123)
(1075, 123) -> (1077, 175)
(1077, 175) -> (1092, 50)
(1092, 50) -> (1123, 53)
(1123, 53) -> (1167, 219)
(1167, 219) -> (1177, 5)
(1177, 5) -> (1231, 173)
(1231, 173) -> (1327, 247)
(1327, 247) -> (1378, 44)
(1378, 44) -> (1393, 104)
(1393, 104) -> (1435, 0)
(1435, 0) -> (1465, 145)
(1465, 145) -> (1472, 160)
(1472, 160) -> (1478, 19)
(1478, 19) -> (1509, 67)
(1509, 67) -> (1539, 112)
(1539, 112) -> (1555, 82)
(1555, 82) -> (1557, 77)
(1557, 77) -> (1691, 3)
(3, 194) -> (32, 18)
(32, 18) -> (51, 70)
(51, 70) -> (67, 63)
(67, 63) -> (70, 126)
(70, 126) -> (147, 270)
(147, 270) -> (153, 261)
(153, 261) -> (195, 171)
(195, 171) -> (215, 100)
(215, 100) -> (221, 136)
(221, 136) -> (222, 232)
(222, 232) -> (251, 340)
(251, 340) -> (254, 190)
(254, 190) -> (270, 186)
(270, 186) -> (283, 225)
(283, 225) -> (313, 101)
(313, 101) -> (354, 221)
(354, 221) -> (405, 110)
(405, 110) -> (431, 132)
(431, 132) -> (450, 100)
(450, 100) -> (493, 173)
(493, 173) -> (508, 244)
(508, 244) -> (525, 112)
(525, 112) -> (604, 135)
(604, 135) -> (626, 158)
(626, 158) -> (663, 222)
(663, 222) -> (711, 230)
(711, 230) -> (718, 229)
(718, 229) -> (745, 410)
(745, 410) -> (791, 149)
(791, 149) -> (810, 108)
(810, 108) -> (830, 253)
(830, 253) -> (866, 198)
(866, 198) -> (881, 97)
(881, 97) -> (904, 175)
(904, 175) -> (906, 198)
(906, 198) -> (911, 295)
(911, 295) -> (913, 276)
(913, 276) -> (931, 431)
(931, 431) -> (950, 377)
(950, 377) -> (960, 333)
(960, 333) -> (983, 168)
(983, 168) -> (1002, 158)
(1002, 158) -> (1014, 171)
(1014, 171) -> (1020, 130)
(1020, 130) -> (1071, 189)
(1071, 189) -> (1128, 196)
(1128, 196) -> (1140, 154)
(1140, 154) -> (1148, 179)
(1148, 179) -> (1150, 406)
(1150, 406) -> (1189, 378)
(1189, 378) -> (1691, 3)
