Vertices: 100
Top chain length: 40
Bottom chain length: 60
=============TOP CHAIN VERTICES=============
0: (16, 168)
1: (16, 152)
2: (29, 48)
3: (40, 1)
8: (101, 248)
9: (137, 99)
13: (234, 26)
17: (296, 77)
19: (318, 201)
21: (345, 83)
24: (394, 274)
29: (475, 97)
31: (512, 88)
32: (565, 121)
35: (620, 4)
36: (625, 9)
41: (681, 15)
44: (708, 145)
45: (709, 211)
46: (712, 144)
48: (733, 22)
52: (745, 197)
55: (776, 11)
57: (778, 57)
60: (827, 140)
62: (883, 68)
67: (920, 241)
68: (928, 112)
69: (938, 129)
71: (1001, 85)
73: (1071, 95)
75: (1096, 25)
77: (1111, 172)
78: (1138, 12)
81: (1215, 261)
83: (1295, 23)
85: (1319, 117)
87: (1321, 62)
88: (1368, 71)
89: (1380, 11)
===========BOTTOM CHAIN VERTICES============
4: (40, 112)
5: (66, 270)
6: (82, 202)
7: (97, 322)
10: (152, 180)
11: (206, 107)
12: (218, 112)
14: (270, 88)
15: (275, 186)
16: (292, 252)
18: (305, 259)
20: (340, 204)
22: (375, 233)
23: (384, 241)
25: (410, 356)
26: (434, 357)
27: (453, 291)
28: (463, 162)
30: (501, 234)
33: (567, 172)
34: (615, 43)
37: (631, 299)
38: (660, 18)
39: (663, 422)
40: (679, 15)
42: (682, 77)
43: (705, 240)
47: (731, 101)
49: (735, 137)
50: (738, 112)
51: (742, 192)
53: (748, 281)
54: (771, 261)
56: (777, 49)
58: (793, 361)
59: (795, 103)
61: (856, 189)
63: (887, 172)
64: (891, 536)
65: (894, 154)
66: (919, 243)
70: (979, 265)
72: (1036, 102)
74: (1083, 157)
76: (1102, 219)
79: (1145, 95)
80: (1178, 221)
82: (1239, 291)
84: (1298, 46)
86: (1320, 194)
90: (1404, 182)
91: (1474, 23)
92: (1521, 103)
93: (1527, 143)
94: (1528, 263)
95: (1557, 35)
96: (1601, 38)
97: (1705, 231)
98: (1757, 223)
99: (1792, 38)
==================EDGES=====================
(16, 168) -> (16, 152)
(16, 152) -> (29, 48)
(29, 48) -> (40, 1)
(40, 1) -> (101, 248)
(101, 248) -> (137, 99)
(137, 99) -> (234, 26)
(234, 26) -> (296, 77)
(296, 77) -> (318, 201)
(318, 201) -> (345, 83)
(345, 83) -> (394, 274)
(394, 274) -> (475, 97)
(475, 97) -> (512, 88)
(512, 88) -> (565, 121)
(565, 121) -> (620, 4)
(620, 4) -> (625, 9)
(625, 9) -> (681, 15)
(681, 15) -> (708, 145)
(708, 145) -> (709, 211)
(709, 211) -> (712, 144)
(712, 144) -> (733, 22)
(733, 22) -> (745, 197)
(745, 197) -> (776, 11)
(776, 11) -> (778, 57)
(778, 57) -> (827, 140)
(827, 140) -> (883, 68)
(883, 68) -> (920, 241)
(920, 241) -> (928, 112)
(928, 112) -> (938, 129)
(938, 129) -> (1001, 85)
(1001, 85) -> (1071, 95)
(1071, 95) -> (1096, 25)
(1096, 25) -> (1111, 172)
(1111, 172) -> (1138, 12)
(1138, 12) -> (1215, 261)
(1215, 261) -> (1295, 23)
(1295, 23) -> (1319, 117)
(1319, 117) -> (1321, 62)
(1321, 62) -> (1368, 71)
(1368, 71) -> (1380, 11)
(16, 168) -> (40, 112)
(40, 112) -> (66, 270)
(66, 270) -> (82, 202)
(82, 202) -> (97, 322)
(97, 322) -> (152, 180)
(152, 180) -> (206, 107)
(206, 107) -> (218, 112)
(218, 112) -> (270, 88)
(270, 88) -> (275, 186)
(275, 186) -> (292, 252)
(292, 252) -> (305, 259)
(305, 259) -> (340, 204)
(340, 204) -> (375, 233)
(375, 233) -> (384, 241)
(384, 241) -> (410, 356)
(410, 356) -> (434, 357)
(434, 357) -> (453, 291)
(453, 291) -> (463, 162)
(463, 162) -> (501, 234)
(501, 234) -> (567, 172)
(567, 172) -> (615, 43)
(615, 43) -> (631, 299)
(631, 299) -> (660, 18)
(660, 18) -> (663, 422)
(663, 422) -> (679, 15)
(679, 15) -> (682, 77)
(682, 77) -> (705, 240)
(705, 240) -> (731, 101)
(731, 101) -> (735, 137)
(735, 137) -> (738, 112)
(738, 112) -> (742, 192)
(742, 192) -> (748, 281)
(748, 281) -> (771, 261)
(771, 261) -> (777, 49)
(777, 49) -> (793, 361)
(793, 361) -> (795, 103)
(795, 103) -> (856, 189)
(856, 189) -> (887, 172)
(887, 172) -> (891, 536)
(891, 536) -> (894, 154)
(894, 154) -> (919, 243)
(919, 243) -> (979, 265)
(979, 265) -> (1036, 102)
(1036, 102) -> (1083, 157)
(1083, 157) -> (1102, 219)
(1102, 219) -> (1145, 95)
(1145, 95) -> (1178, 221)
(1178, 221) -> (1239, 291)
(1239, 291) -> (1298, 46)
(1298, 46) -> (1320, 194)
(1320, 194) -> (1404, 182)
(1404, 182) -> (1474, 23)
(1474, 23) -> (1521, 103)
(1521, 103) -> (1527, 143)
(1527, 143) -> (1528, 263)
(1528, 263) -> (1557, 35)
(1557, 35) -> (1601, 38)
(1601, 38) -> (1705, 231)
(1705, 231) -> (1757, 223)
(1757, 223) -> (1792, 38)
(1792, 38) -> (1380, 11)
