Vertices: 50
Top chain length: 35
Bottom chain length: 15
=============TOP CHAIN VERTICES=============
0: (38, 38)
1: (38, 30)
2: (71, 2)
4: (117, 12)
6: (150, 90)
7: (158, 17)
9: (192, 26)
10: (241, 215)
12: (288, 77)
16: (374, 197)
17: (408, 44)
20: (419, 53)
22: (479, 36)
25: (494, 47)
26: (498, 191)
27: (505, 58)
28: (516, 166)
30: (524, 155)
33: (527, 319)
34: (571, 192)
35: (589, 232)
36: (593, 70)
37: (612, 149)
38: (621, 115)
39: (626, 75)
40: (638, 245)
41: (675, 67)
42: (690, 74)
43: (718, 163)
44: (719, 147)
45: (798, 152)
46: (800, 176)
47: (833, 26)
48: (835, 58)
49: (861, 133)
===========BOTTOM CHAIN VERTICES============
3: (114, 76)
5: (147, 173)
8: (172, 213)
11: (275, 280)
13: (299, 163)
14: (320, 233)
15: (371, 214)
18: (408, 230)
19: (415, 214)
21: (475, 225)
23: (486, 124)
24: (487, 175)
29: (523, 262)
31: (524, 175)
32: (526, 481)
==================EDGES=====================
(38, 38) -> (38, 30)
(38, 30) -> (71, 2)
(71, 2) -> (117, 12)
(117, 12) -> (150, 90)
(150, 90) -> (158, 17)
(158, 17) -> (192, 26)
(192, 26) -> (241, 215)
(241, 215) -> (288, 77)
(288, 77) -> (374, 197)
(374, 197) -> (408, 44)
(408, 44) -> (419, 53)
(419, 53) -> (479, 36)
(479, 36) -> (494, 47)
(494, 47) -> (498, 191)
(498, 191) -> (505, 58)
(505, 58) -> (516, 166)
(516, 166) -> (524, 155)
(524, 155) -> (527, 319)
(527, 319) -> (571, 192)
(571, 192) -> (589, 232)
(589, 232) -> (593, 70)
(593, 70) -> (612, 149)
(612, 149) -> (621, 115)
(621, 115) -> (626, 75)
(626, 75) -> (638, 245)
(638, 245) -> (675, 67)
(675, 67) -> (690, 74)
(690, 74) -> (718, 163)
(718, 163) -> (719, 147)
(719, 147) -> (798, 152)
(798, 152) -> (800, 176)
(800, 176) -> (833, 26)
(833, 26) -> (835, 58)
(835, 58) -> (861, 133)
(38, 38) -> (114, 76)
(114, 76) -> (147, 173)
(147, 173) -> (172, 213)
(172, 213) -> (275, 280)
(275, 280) -> (299, 163)
(299, 163) -> (320, 233)
(320, 233) -> (371, 214)
(371, 214) -> (408, 230)
(408, 230) -> (415, 214)
(415, 214) -> (475, 225)
(475, 225) -> (486, 124)
(486, 124) -> (487, 175)
(487, 175) -> (523, 262)
(523, 262) -> (524, 175)
(524, 175) -> (526, 481)
(526, 481) -> (861, 133)
