Vertices: 100
Top chain length: 46
Bottom chain length: 54
=============TOP CHAIN VERTICES=============
0: (65, 181)
1: (65, 81)
2: (79, 157)
5: (145, 74)
8: (187, 260)
10: (256, 38)
13: (287, 90)
15: (303, 77)
18: (330, 103)
23: (407, 89)
25: (411, 297)
26: (415, 144)
28: (442, 98)
30: (462, 15)
31: (469, 66)
33: (484, 8)
34: (497, 145)
37: (538, 7)
38: (559, 162)
41: (587, 165)
43: (618, 111)
44: (618, 253)
48: (673, 72)
50: (729, 134)
52: (743, 288)
55: (780, 318)
60: (865, 4)
61: (875, 183)
62: (884, 157)
66: (994, 98)
69: (1014, 150)
71: (1018, 133)
72: (1031, 26)
74: (1080, 68)
78: (1118, 264)
80: (1151, 81)
81: (1154, 89)
85: (1221, 73)
86: (1244, 33)
89: (1259, 220)
92: (1297, 26)
95: (1363, 132)
96: (1376, 109)
97: (1381, 2)
98: (1425, 78)
99: (1445, 195)
===========BOTTOM CHAIN VERTICES============
3: (116, 121)
4: (120, 232)
6: (170, 258)
7: (177, 263)
9: (248, 254)
11: (269, 129)
12: (272, 103)
14: (297, 285)
16: (321, 182)
17: (328, 182)
19: (333, 289)
20: (384, 124)
21: (401, 95)
22: (403, 181)
24: (410, 388)
27: (418, 185)
29: (458, 74)
32: (471, 119)
35: (520, 265)
36: (527, 75)
39: (571, 239)
40: (574, 194)
42: (609, 206)
45: (618, 274)
46: (626, 311)
47: (638, 221)
49: (711, 194)
51: (730, 238)
53: (748, 410)
54: (765, 354)
56: (811, 316)
57: (826, 193)
58: (851, 221)
59: (853, 241)
63: (905, 285)
64: (937, 272)
65: (977, 254)
67: (994, 99)
68: (997, 161)
70: (1016, 267)
73: (1040, 319)
75: (1082, 182)
76: (1099, 206)
77: (1108, 219)
79: (1145, 423)
82: (1160, 116)
83: (1161, 227)
84: (1196, 148)
87: (1245, 94)
88: (1253, 188)
90: (1260, 241)
91: (1272, 206)
93: (1317, 140)
94: (1342, 152)
==================EDGES=====================
(65, 181) -> (65, 81)
(65, 81) -> (79, 157)
(79, 157) -> (145, 74)
(145, 74) -> (187, 260)
(187, 260) -> (256, 38)
(256, 38) -> (287, 90)
(287, 90) -> (303, 77)
(303, 77) -> (330, 103)
(330, 103) -> (407, 89)
(407, 89) -> (411, 297)
(411, 297) -> (415, 144)
(415, 144) -> (442, 98)
(442, 98) -> (462, 15)
(462, 15) -> (469, 66)
(469, 66) -> (484, 8)
(484, 8) -> (497, 145)
(497, 145) -> (538, 7)
(538, 7) -> (559, 162)
(559, 162) -> (587, 165)
(587, 165) -> (618, 111)
(618, 111) -> (618, 253)
(618, 253) -> (673, 72)
(673, 72) -> (729, 134)
(729, 134) -> (743, 288)
(743, 288) -> (780, 318)
(780, 318) -> (865, 4)
(865, 4) -> (875, 183)
(875, 183) -> (884, 157)
(884, 157) -> (994, 98)
(994, 98) -> (1014, 150)
(1014, 150) -> (1018, 133)
(1018, 133) -> (1031, 26)
(1031, 26) -> (1080, 68)
(1080, 68) -> (1118, 264)
(1118, 264) -> (1151, 81)
(1151, 81) -> (1154, 89)
(1154, 89) -> (1221, 73)
(1221, 73) -> (1244, 33)
(1244, 33) -> (1259, 220)
(1259, 220) -> (1297, 26)
(1297, 26) -> (1363, 132)
(1363, 132) -> (1376, 109)
(1376, 109) -> (1381, 2)
(1381, 2) -> (1425, 78)
(1425, 78) -> (1445, 195)
(65, 181) -> (116, 121)
(116, 121) -> (120, 232)
(120, 232) -> (170, 258)
(170, 258) -> (177, 263)
(177, 263) -> (248, 254)
(248, 254) -> (269, 129)
(269, 129) -> (272, 103)
(272, 103) -> (297, 285)
(297, 285) -> (321, 182)
(321, 182) -> (328, 182)
(328, 182) -> (333, 289)
(333, 289) -> (384, 124)
(384, 124) -> (401, 95)
(401, 95) -> (403, 181)
(403, 181) -> (410, 388)
(410, 388) -> (418, 185)
(418, 185) -> (458, 74)
(458, 74) -> (471, 119)
(471, 119) -> (520, 265)
(520, 265) -> (527, 75)
(527, 75) -> (571, 239)
(571, 239) -> (574, 194)
(574, 194) -> (609, 206)
(609, 206) -> (618, 274)
(618, 274) -> (626, 311)
(626, 311) -> (638, 221)
(638, 221) -> (711, 194)
(711, 194) -> (730, 238)
(730, 238) -> (748, 410)
(748, 410) -> (765, 354)
(765, 354) -> (811, 316)
(811, 316) -> (826, 193)
(826, 193) -> (851, 221)
(851, 221) -> (853, 241)
(853, 241) -> (905, 285)
(905, 285) -> (937, 272)
(937, 272) -> (977, 254)
(977, 254) -> (994, 99)
(994, 99) -> (997, 161)
(997, 161) -> (1016, 267)
(1016, 267) -> (1040, 319)
(1040, 319) -> (1082, 182)
(1082, 182) -> (1099, 206)
(1099, 206) -> (1108, 219)
(1108, 219) -> (1145, 423)
(1145, 423) -> (1160, 116)
(1160, 116) -> (1161, 227)
(1161, 227) -> (1196, 148)
(1196, 148) -> (1245, 94)
(1245, 94) -> (1253, 188)
(1253, 188) -> (1260, 241)
(1260, 241) -> (1272, 206)
(1272, 206) -> (1317, 140)
(1317, 140) -> (1342, 152)
(1342, 152) -> (1445, 195)
