Vertices: 100
Top chain length: 55
Bottom chain length: 45
=============TOP CHAIN VERTICES=============
0: (21, 214)
1: (21, 3)
2: (31, 33)
3: (69, 11)
7: (121, 249)
8: (144, 58)
10: (162, 13)
13: (205, 46)
14: (240, 103)
15: (244, 59)
17: (273, 15)
23: (298, 38)
26: (300, 313)
29: (339, 79)
34: (422, 87)
35: (494, 108)
36: (502, 111)
40: (577, 10)
46: (706, 54)
48: (737, 146)
49: (742, 60)
50: (765, 83)
55: (831, 319)
57: (835, 115)
58: (842, 114)
63: (870, 378)
64: (884, 331)
65: (886, 111)
66: (889, 9)
68: (910, 114)
70: (947, 8)
74: (958, 249)
76: (992, 128)
77: (1006, 133)
79: (1025, 146)
80: (1043, 142)
81: (1046, 41)
82: (1046, 223)
83: (1094, 177)
84: (1095, 58)
85: (1108, 211)
86: (1151, 326)
87: (1173, 93)
88: (1210, 91)
89: (1231, 12)
90: (1273, 22)
91: (1279, 64)
92: (1330, 48)
93: (1380, 164)
94: (1398, 143)
95: (1460, 150)
96: (1461, 120)
97: (1487, 204)
98: (1540, 48)
99: (1558, 152)
===========BOTTOM CHAIN VERTICES============
4: (81, 129)
5: (101, 232)
6: (108, 250)
9: (150, 382)
11: (185, 295)
12: (190, 174)
16: (258, 112)
18: (274, 384)
19: (282, 455)
20: (284, 169)
21: (291, 45)
22: (295, 225)
24: (298, 110)
25: (299, 276)
27: (301, 383)
28: (317, 337)
30: (341, 193)
31: (365, 174)
32: (400, 94)
33: (415, 187)
37: (502, 172)
38: (514, 136)
39: (553, 309)
41: (605, 85)
42: (641, 45)
43: (683, 92)
44: (697, 59)
45: (703, 250)
47: (726, 242)
51: (800, 285)
52: (817, 278)
53: (818, 509)
54: (821, 291)
56: (831, 356)
59: (846, 269)
60: (848, 212)
61: (861, 312)
62: (867, 411)
67: (905, 273)
69: (924, 146)
71: (948, 34)
72: (954, 194)
73: (957, 278)
75: (970, 225)
78: (1015, 590)
==================EDGES=====================
(21, 214) -> (21, 3)
(21, 3) -> (31, 33)
(31, 33) -> (69, 11)
(69, 11) -> (121, 249)
(121, 249) -> (144, 58)
(144, 58) -> (162, 13)
(162, 13) -> (205, 46)
(205, 46) -> (240, 103)
(240, 103) -> (244, 59)
(244, 59) -> (273, 15)
(273, 15) -> (298, 38)
(298, 38) -> (300, 313)
(300, 313) -> (339, 79)
(339, 79) -> (422, 87)
(422, 87) -> (494, 108)
(494, 108) -> (502, 111)
(502, 111) -> (577, 10)
(577, 10) -> (706, 54)
(706, 54) -> (737, 146)
(737, 146) -> (742, 60)
(742, 60) -> (765, 83)
(765, 83) -> (831, 319)
(831, 319) -> (835, 115)
(835, 115) -> (842, 114)
(842, 114) -> (870, 378)
(870, 378) -> (884, 331)
(884, 331) -> (886, 111)
(886, 111) -> (889, 9)
(889, 9) -> (910, 114)
(910, 114) -> (947, 8)
(947, 8) -> (958, 249)
(958, 249) -> (992, 128)
(992, 128) -> (1006, 133)
(1006, 133) -> (1025, 146)
(1025, 146) -> (1043, 142)
(1043, 142) -> (1046, 41)
(1046, 41) -> (1046, 223)
(1046, 223) -> (1094, 177)
(1094, 177) -> (1095, 58)
(1095, 58) -> (1108, 211)
(1108, 211) -> (1151, 326)
(1151, 326) -> (1173, 93)
(1173, 93) -> (1210, 91)
(1210, 91) -> (1231, 12)
(1231, 12) -> (1273, 22)
(1273, 22) -> (1279, 64)
(1279, 64) -> (1330, 48)
(1330, 48) -> (1380, 164)
(1380, 164) -> (1398, 143)
(1398, 143) -> (1460, 150)
(1460, 150) -> (1461, 120)
(1461, 120) -> (1487, 204)
(1487, 204) -> (1540, 48)
(1540, 48) -> (1558, 152)
(21, 214) -> (81, 129)
(81, 129) -> (101, 232)
(101, 232) -> (108, 250)
(108, 250) -> (150, 382)
(150, 382) -> (185, 295)
(185, 295) -> (190, 174)
(190, 174) -> (258, 112)
(258, 112) -> (274, 384)
(274, 384) -> (282, 455)
(282, 455) -> (284, 169)
(284, 169) -> (291, 45)
(291, 45) -> (295, 225)
(295, 225) -> (298, 110)
(298, 110) -> (299, 276)
(299, 276) -> (301, 383)
(301, 383) -> (317, 337)
(317, 337) -> (341, 193)
(341, 193) -> (365, 174)
(365, 174) -> (400, 94)
(400, 94) -> (415, 187)
(415, 187) -> (502, 172)
(502, 172) -> (514, 136)
(514, 136) -> (553, 309)
(553, 309) -> (605, 85)
(605, 85) -> (641, 45)
(641, 45) -> (683, 92)
(683, 92) -> (697, 59)
(697, 59) -> (703, 250)
(703, 250) -> (726, 242)
(726, 242) -> (800, 285)
(800, 285) -> (817, 278)
(817, 278) -> (818, 509)
(818, 509) -> (821, 291)
(821, 291) -> (831, 356)
(831, 356) -> (846, 269)
(846, 269) -> (848, 212)
(848, 212) -> (861, 312)
(861, 312) -> (867, 411)
(867, 411) -> (905, 273)
(905, 273) -> (924, 146)
(924, 146) -> (948, 34)
(948, 34) -> (954, 194)
(954, 194) -> (957, 278)
(957, 278) -> (970, 225)
(970, 225) -> (1015, 590)
(1015, 590) -> (1558, 152)
