Vertices: 100
Top chain length: 47
Bottom chain length: 53
=============TOP CHAIN VERTICES=============
0: (42, 153)
1: (42, 3)
2: (43, 129)
3: (101, 111)
9: (213, 80)
12: (258, 123)
15: (293, 70)
16: (298, 48)
19: (334, 148)
23: (391, 57)
24: (396, 17)
25: (413, 186)
26: (444, 41)
28: (465, 90)
29: (512, 105)
30: (549, 7)
32: (568, 117)
35: (588, 50)
39: (632, 125)
42: (656, 44)
43: (658, 221)
45: (697, 28)
52: (787, 11)
54: (798, 157)
56: (809, 148)
57: (871, 30)
58: (872, 150)
60: (888, 27)
61: (897, 101)
64: (930, 205)
65: (938, 86)
66: (950, 57)
69: (1013, 39)
71: (1020, 209)
74: (1043, 4)
77: (1079, 92)
79: (1137, 53)
81: (1139, 1)
85: (1153, 398)
88: (1195, 355)
89: (1199, 99)
91: (1248, 132)
93: (1325, 97)
95: (1357, 31)
96: (1379, 95)
98: (1434, 170)
99: (1534, 5)
===========BOTTOM CHAIN VERTICES============
4: (110, 193)
5: (136, 109)
6: (180, 123)
7: (190, 214)
8: (201, 212)
10: (223, 125)
11: (252, 122)
13: (285, 173)
14: (289, 89)
17: (312, 93)
18: (332, 255)
20: (363, 106)
21: (372, 205)
22: (385, 198)
27: (462, 169)
31: (559, 109)
33: (583, 176)
34: (584, 232)
36: (606, 113)
37: (617, 280)
38: (630, 273)
40: (639, 142)
41: (652, 282)
44: (678, 165)
46: (707, 117)
47: (724, 122)
48: (763, 94)
49: (766, 100)
50: (780, 70)
51: (785, 98)
53: (797, 270)
55: (803, 186)
59: (874, 240)
62: (901, 261)
63: (921, 257)
67: (975, 63)
68: (1012, 60)
70: (1016, 173)
72: (1022, 401)
73: (1042, 143)
75: (1061, 184)
76: (1070, 106)
78: (1094, 108)
80: (1138, 201)
82: (1147, 296)
83: (1148, 327)
84: (1151, 377)
86: (1153, 458)
87: (1189, 418)
90: (1220, 287)
92: (1249, 257)
94: (1325, 157)
97: (1379, 528)
==================EDGES=====================
(42, 153) -> (42, 3)
(42, 3) -> (43, 129)
(43, 129) -> (101, 111)
(101, 111) -> (213, 80)
(213, 80) -> (258, 123)
(258, 123) -> (293, 70)
(293, 70) -> (298, 48)
(298, 48) -> (334, 148)
(334, 148) -> (391, 57)
(391, 57) -> (396, 17)
(396, 17) -> (413, 186)
(413, 186) -> (444, 41)
(444, 41) -> (465, 90)
(465, 90) -> (512, 105)
(512, 105) -> (549, 7)
(549, 7) -> (568, 117)
(568, 117) -> (588, 50)
(588, 50) -> (632, 125)
(632, 125) -> (656, 44)
(656, 44) -> (658, 221)
(658, 221) -> (697, 28)
(697, 28) -> (787, 11)
(787, 11) -> (798, 157)
(798, 157) -> (809, 148)
(809, 148) -> (871, 30)
(871, 30) -> (872, 150)
(872, 150) -> (888, 27)
(888, 27) -> (897, 101)
(897, 101) -> (930, 205)
(930, 205) -> (938, 86)
(938, 86) -> (950, 57)
(950, 57) -> (1013, 39)
(1013, 39) -> (1020, 209)
(1020, 209) -> (1043, 4)
(1043, 4) -> (1079, 92)
(1079, 92) -> (1137, 53)
(1137, 53) -> (1139, 1)
(1139, 1) -> (1153, 398)
(1153, 398) -> (1195, 355)
(1195, 355) -> (1199, 99)
(1199, 99) -> (1248, 132)
(1248, 132) -> (1325, 97)
(1325, 97) -> (1357, 31)
(1357, 31) -> (1379, 95)
(1379, 95) -> (1434, 170)
(1434, 170) -> (1534, 5)
(42, 153) -> (110, 193)
(110, 193) -> (136, 109)
(136, 109) -> (180, 123)
(180, 123) -> (190, 214)
(190, 214) -> (201, 212)
(201, 212) -> (223, 125)
(223, 125) -> (252, 122)
(252, 122) -> (285, 173)
(285, 173) -> (289, 89)
(289, 89) -> (312, 93)
(312, 93) -> (332, 255)
(332, 255) -> (363, 106)
(363, 106) -> (372, 205)
(372, 205) -> (385, 198)
(385, 198) -> (462, 169)
(462, 169) -> (559, 109)
(559, 109) -> (583, 176)
(583, 176) -> (584, 232)
(584, 232) -> (606, 113)
(606, 113) -> (617, 280)
(617, 280) -> (630, 273)
(630, 273) -> (639, 142)
(639, 142) -> (652, 282)
(652, 282) -> (678, 165)
(678, 165) -> (707, 117)
(707, 117) -> (724, 122)
(724, 122) -> (763, 94)
(763, 94) -> (766, 100)
(766, 100) -> (780, 70)
(780, 70) -> (785, 98)
(785, 98) -> (797, 270)
(797, 270) -> (803, 186)
(803, 186) -> (874, 240)
(874, 240) -> (901, 261)
(901, 261) -> (921, 257)
(921, 257) -> (975, 63)
(975, 63) -> (1012, 60)
(1012, 60) -> (1016, 173)
(1016, 173) -> (1022, 401)
(1022, 401) -> (1042, 143)
(1042, 143) -> (1061, 184)
(1061, 184) -> (1070, 106)
(1070, 106) -> (1094, 108)
(1094, 108) -> (1138, 201)
(1138, 201) -> (1147, 296)
(1147, 296) -> (1148, 327)
(1148, 327) -> (1151, 377)
(1151, 377) -> (1153, 458)
(1153, 458) -> (1189, 418)
(1189, 418) -> (1220, 287)
(1220, 287) -> (1249, 257)
(1249, 257) -> (1325, 157)
(1325, 157) -> (1379, 528)
(1379, 528) -> (1534, 5)
