Vertices: 50
Top chain length: 31
Bottom chain length: 19
=============TOP CHAIN VERTICES=============
0: (6, 148)
1: (6, 66)
2: (30, 175)
4: (74, 35)
6: (98, 59)
7: (100, 110)
8: (105, 130)
13: (155, 343)
14: (165, 49)
16: (215, 92)
17: (217, 6)
18: (275, 62)
21: (301, 159)
25: (346, 341)
31: (432, 182)
34: (460, 136)
35: (472, 216)
36: (499, 56)
37: (542, 27)
38: (589, 5)
39: (626, 270)
40: (662, 108)
41: (699, 23)
42: (713, 64)
43: (746, 134)
44: (813, 170)
45: (897, 37)
46: (958, 145)
47: (963, 100)
48: (987, 39)
49: (987, 288)
===========BOTTOM CHAIN VERTICES============
3: (41, 390)
5: (93, 64)
9: (112, 276)
10: (133, 377)
11: (136, 318)
12: (150, 343)
15: (201, 363)
19: (284, 106)
20: (286, 159)
22: (310, 330)
23: (322, 503)
24: (339, 320)
26: (358, 438)
27: (364, 313)
28: (367, 376)
29: (385, 327)
30: (392, 281)
32: (436, 254)
33: (447, 347)
==================EDGES=====================
(6, 148) -> (6, 66)
(6, 66) -> (30, 175)
(30, 175) -> (74, 35)
(74, 35) -> (98, 59)
(98, 59) -> (100, 110)
(100, 110) -> (105, 130)
(105, 130) -> (155, 343)
(155, 343) -> (165, 49)
(165, 49) -> (215, 92)
(215, 92) -> (217, 6)
(217, 6) -> (275, 62)
(275, 62) -> (301, 159)
(301, 159) -> (346, 341)
(346, 341) -> (432, 182)
(432, 182) -> (460, 136)
(460, 136) -> (472, 216)
(472, 216) -> (499, 56)
(499, 56) -> (542, 27)
(542, 27) -> (589, 5)
(589, 5) -> (626, 270)
(626, 270) -> (662, 108)
(662, 108) -> (699, 23)
(699, 23) -> (713, 64)
(713, 64) -> (746, 134)
(746, 134) -> (813, 170)
(813, 170) -> (897, 37)
(897, 37) -> (958, 145)
(958, 145) -> (963, 100)
(963, 100) -> (987, 39)
(987, 39) -> (987, 288)
(6, 148) -> (41, 390)
(41, 390) -> (93, 64)
(93, 64) -> (112, 276)
(112, 276) -> (133, 377)
(133, 377) -> (136, 318)
(136, 318) -> (150, 343)
(150, 343) -> (201, 363)
(201, 363) -> (284, 106)
(284, 106) -> (286, 159)
(286, 159) -> (310, 330)
(310, 330) -> (322, 503)
(322, 503) -> (339, 320)
(339, 320) -> (358, 438)
(358, 438) -> (364, 313)
(364, 313) -> (367, 376)
(367, 376) -> (385, 327)
(385, 327) -> (392, 281)
(392, 281) -> (436, 254)
(436, 254) -> (447, 347)
(447, 347) -> (987, 288)
