Vertices: 100
Top chain length: 25
Bottom chain length: 75
=============TOP CHAIN VERTICES=============
0: (17, 108)
1: (17, 105)
3: (78, 119)
5: (83, 166)
6: (85, 1)
9: (141, 151)
13: (157, 33)
15: (167, 277)
16: (167, 217)
17: (174, 43)
20: (209, 86)
21: (222, 134)
23: (261, 83)
24: (324, 15)
26: (346, 267)
28: (391, 67)
31: (414, 41)
33: (434, 93)
35: (454, 142)
39: (528, 58)
41: (534, 171)
44: (570, 111)
45: (614, 27)
48: (631, 151)
49: (649, 11)
===========BOTTOM CHAIN VERTICES============
2: (77, 214)
4: (79, 145)
7: (92, 257)
8: (138, 297)
10: (150, 95)
11: (154, 102)
12: (156, 135)
14: (165, 332)
18: (194, 244)
19: (206, 281)
22: (246, 209)
25: (332, 245)
27: (346, 476)
29: (402, 134)
30: (406, 77)
32: (415, 96)
34: (441, 132)
36: (454, 155)
37: (477, 167)
38: (525, 97)
40: (528, 69)
42: (536, 314)
43: (563, 244)
46: (622, 136)
47: (625, 247)
50: (678, 37)
51: (693, 118)
52: (704, 69)
53: (706, 38)
54: (734, 173)
55: (774, 247)
56: (804, 16)
57: (827, 26)
58: (847, 186)
59: (855, 201)
60: (865, 175)
61: (986, 157)
62: (995, 48)
63: (1030, 294)
64: (1056, 162)
65: (1120, 129)
66: (1177, 168)
67: (1187, 113)
68: (1195, 218)
69: (1196, 143)
70: (1248, 100)
71: (1252, 34)
72: (1319, 51)
73: (1340, 196)
74: (1417, 104)
75: (1472, 41)
76: (1494, 17)
77: (1548, 222)
78: (1566, 26)
79: (1596, 290)
80: (1618, 126)
81: (1645, 75)
82: (1670, 143)
83: (1707, 114)
84: (1769, 112)
85: (1852, 48)
86: (1877, 19)
87: (1885, 51)
88: (1895, 252)
89: (1913, 154)
90: (1938, 295)
91: (1983, 33)
92: (2082, 37)
93: (2098, 225)
94: (2124, 143)
95: (2158, 149)
96: (2187, 26)
97: (2225, 60)
98: (2290, 21)
99: (2332, 4)
==================EDGES=====================
(17, 108) -> (17, 105)
(17, 105) -> (78, 119)
(78, 119) -> (83, 166)
(83, 166) -> (85, 1)
(85, 1) -> (141, 151)
(141, 151) -> (157, 33)
(157, 33) -> (167, 277)
(167, 277) -> (167, 217)
(167, 217) -> (174, 43)
(174, 43) -> (209, 86)
(209, 86) -> (222, 134)
(222, 134) -> (261, 83)
(261, 83) -> (324, 15)
(324, 15) -> (346, 267)
(346, 267) -> (391, 67)
(391, 67) -> (414, 41)
(414, 41) -> (434, 93)
(434, 93) -> (454, 142)
(454, 142) -> (528, 58)
(528, 58) -> (534, 171)
(534, 171) -> (570, 111)
(570, 111) -> (614, 27)
(614, 27) -> (631, 151)
(631, 151) -> (649, 11)
(17, 108) -> (77, 214)
(77, 214) -> (79, 145)
(79, 145) -> (92, 257)
(92, 257) -> (138, 297)
(138, 297) -> (150, 95)
(150, 95) -> (154, 102)
(154, 102) -> (156, 135)
(156, 135) -> (165, 332)
(165, 332) -> (194, 244)
(194, 244) -> (206, 281)
(206, 281) -> (246, 209)
(246, 209) -> (332, 245)
(332, 245) -> (346, 476)
(346, 476) -> (402, 134)
(402, 134) -> (406, 77)
(406, 77) -> (415, 96)
(415, 96) -> (441, 132)
(441, 132) -> (454, 155)
(454, 155) -> (477, 167)
(477, 167) -> (525, 97)
(525, 97) -> (528, 69)
(528, 69) -> (536, 314)
(536, 314) -> (563, 244)
(563, 244) -> (622, 136)
(622, 136) -> (625, 247)
(625, 247) -> (678, 37)
(678, 37) -> (693, 118)
(693, 118) -> (704, 69)
(704, 69) -> (706, 38)
(706, 38) -> (734, 173)
(734, 173) -> (774, 247)
(774, 247) -> (804, 16)
(804, 16) -> (827, 26)
(827, 26) -> (847, 186)
(847, 186) -> (855, 201)
(855, 201) -> (865, 175)
(865, 175) -> (986, 157)
(986, 157) -> (995, 48)
(995, 48) -> (1030, 294)
(1030, 294) -> (1056, 162)
(1056, 162) -> (1120, 129)
(1120, 129) -> (1177, 168)
(1177, 168) -> (1187, 113)
(1187, 113) -> (1195, 218)
(1195, 218) -> (1196, 143)
(1196, 143) -> (1248, 100)
(1248, 100) -> (1252, 34)
(1252, 34) -> (1319, 51)
(1319, 51) -> (1340, 196)
(1340, 196) -> (1417, 104)
(1417, 104) -> (1472, 41)
(1472, 41) -> (1494, 17)
(1494, 17) -> (1548, 222)
(1548, 222) -> (1566, 26)
(1566, 26) -> (1596, 290)
(1596, 290) -> (1618, 126)
(1618, 126) -> (1645, 75)
(1645, 75) -> (1670, 143)
(1670, 143) -> (1707, 114)
(1707, 114) -> (1769, 112)
(1769, 112) -> (1852, 48)
(1852, 48) -> (1877, 19)
(1877, 19) -> (1885, 51)
(1885, 51) -> (1895, 252)
(1895, 252) -> (1913, 154)
(1913, 154) -> (1938, 295)
(1938, 295) -> (1983, 33)
(1983, 33) -> (2082, 37)
(2082, 37) -> (2098, 225)
(2098, 225) -> (2124, 143)
(2124, 143) -> (2158, 149)
(2158, 149) -> (2187, 26)
(2187, 26) -> (2225, 60)
(2225, 60) -> (2290, 21)
(2290, 21) -> (2332, 4)
(2332, 4) -> (649, 11)
