Vertices: 100
Top chain length: 49
Bottom chain length: 51
=============TOP CHAIN VERTICES=============
0: (88, 178)
1: (88, 115)
3: (109, 84)
7: (122, 202)
8: (154, 46)
9: (162, 51)
12: (207, 250)
14: (228, 142)
16: (255, 247)
17: (278, 155)
18: (301, 140)
21: (354, 94)
23: (391, 183)
25: (437, 59)
27: (471, 132)
29: (501, 110)
30: (513, 123)
32: (528, 26)
33: (529, 166)
35: (558, 149)
36: (568, 218)
37: (608, 78)
40: (631, 62)
41: (639, 84)
43: (695, 9)
44: (708, 156)
46: (715, 91)
49: (782, 90)
52: (810, 128)
53: (823, 215)
55: (871, 259)
57: (949, 120)
59: (983, 4)
62: (1020, 120)
63: (1037, 99)
65: (1054, 95)
66: (1057, 103)
69: (1121, 90)
74: (1202, 243)
76: (1239, 88)
77: (1279, 70)
78: (1281, 72)
79: (1298, 128)
84: (1357, 166)
85: (1395, 119)
86: (1433, 65)
90: (1494, 26)
97: (1633, 311)
99: (1677, 7)
===========BOTTOM CHAIN VERTICES============
2: (99, 99)
4: (115, 223)
5: (116, 173)
6: (118, 357)
10: (180, 189)
11: (199, 281)
13: (218, 261)
15: (229, 278)
19: (343, 284)
20: (346, 101)
22: (367, 174)
24: (391, 209)
26: (457, 255)
28: (491, 168)
31: (522, 240)
34: (547, 372)
38: (610, 86)
39: (618, 145)
42: (657, 340)
45: (710, 170)
47: (739, 125)
48: (770, 173)
50: (782, 97)
51: (803, 172)
54: (831, 410)
56: (923, 205)
58: (968, 154)
60: (990, 126)
61: (994, 89)
64: (1048, 195)
67: (1088, 138)
68: (1093, 119)
70: (1143, 153)
71: (1161, 293)
72: (1166, 283)
73: (1170, 301)
75: (1221, 270)
80: (1305, 187)
81: (1314, 332)
82: (1318, 214)
83: (1356, 170)
87: (1459, 109)
88: (1465, 231)
89: (1483, 286)
91: (1525, 97)
92: (1527, 195)
93: (1550, 262)
94: (1559, 179)
95: (1572, 212)
96: (1594, 237)
98: (1642, 382)
==================EDGES=====================
(88, 178) -> (88, 115)
(88, 115) -> (109, 84)
(109, 84) -> (122, 202)
(122, 202) -> (154, 46)
(154, 46) -> (162, 51)
(162, 51) -> (207, 250)
(207, 250) -> (228, 142)
(228, 142) -> (255, 247)
(255, 247) -> (278, 155)
(278, 155) -> (301, 140)
(301, 140) -> (354, 94)
(354, 94) -> (391, 183)
(391, 183) -> (437, 59)
(437, 59) -> (471, 132)
(471, 132) -> (501, 110)
(501, 110) -> (513, 123)
(513, 123) -> (528, 26)
(528, 26) -> (529, 166)
(529, 166) -> (558, 149)
(558, 149) -> (568, 218)
(568, 218) -> (608, 78)
(608, 78) -> (631, 62)
(631, 62) -> (639, 84)
(639, 84) -> (695, 9)
(695, 9) -> (708, 156)
(708, 156) -> (715, 91)
(715, 91) -> (782, 90)
(782, 90) -> (810, 128)
(810, 128) -> (823, 215)
(823, 215) -> (871, 259)
(871, 259) -> (949, 120)
(949, 120) -> (983, 4)
(983, 4) -> (1020, 120)
(1020, 120) -> (1037, 99)
(1037, 99) -> (1054, 95)
(1054, 95) -> (1057, 103)
(1057, 103) -> (1121, 90)
(1121, 90) -> (1202, 243)
(1202, 243) -> (1239, 88)
(1239, 88) -> (1279, 70)
(1279, 70) -> (1281, 72)
(1281, 72) -> (1298, 128)
(1298, 128) -> (1357, 166)
(1357, 166) -> (1395, 119)
(1395, 119) -> (1433, 65)
(1433, 65) -> (1494, 26)
(1494, 26) -> (1633, 311)
(1633, 311) -> (1677, 7)
(88, 178) -> (99, 99)
(99, 99) -> (115, 223)
(115, 223) -> (116, 173)
(116, 173) -> (118, 357)
(118, 357) -> (180, 189)
(180, 189) -> (199, 281)
(199, 281) -> (218, 261)
(218, 261) -> (229, 278)
(229, 278) -> (343, 284)
(343, 284) -> (346, 101)
(346, 101) -> (367, 174)
(367, 174) -> (391, 209)
(391, 209) -> (457, 255)
(457, 255) -> (491, 168)
(491, 168) -> (522, 240)
(522, 240) -> (547, 372)
(547, 372) -> (610, 86)
(610, 86) -> (618, 145)
(618, 145) -> (657, 340)
(657, 340) -> (710, 170)
(710, 170) -> (739, 125)
(739, 125) -> (770, 173)
(770, 173) -> (782, 97)
(782, 97) -> (803, 172)
(803, 172) -> (831, 410)
(831, 410) -> (923, 205)
(923, 205) -> (968, 154)
(968, 154) -> (990, 126)
(990, 126) -> (994, 89)
(994, 89) -> (1048, 195)
(1048, 195) -> (1088, 138)
(1088, 138) -> (1093, 119)
(1093, 119) -> (1143, 153)
(1143, 153) -> (1161, 293)
(1161, 293) -> (1166, 283)
(1166, 283) -> (1170, 301)
(1170, 301) -> (1221, 270)
(1221, 270) -> (1305, 187)
(1305, 187) -> (1314, 332)
(1314, 332) -> (1318, 214)
(1318, 214) -> (1356, 170)
(1356, 170) -> (1459, 109)
(1459, 109) -> (1465, 231)
(1465, 231) -> (1483, 286)
(1483, 286) -> (1525, 97)
(1525, 97) -> (1527, 195)
(1527, 195) -> (1550, 262)
(1550, 262) -> (1559, 179)
(1559, 179) -> (1572, 212)
(1572, 212) -> (1594, 237)
(1594, 237) -> (1642, 382)
(1642, 382) -> (1677, 7)
