Vertices: 50
Top chain length: 26
Bottom chain length: 24
=============TOP CHAIN VERTICES=============
0: (42, 197)
1: (42, 63)
3: (88, 21)
4: (92, 44)
5: (96, 93)
7: (165, 168)
10: (194, 46)
12: (211, 141)
14: (260, 225)
15: (265, 5)
18: (313, 108)
20: (347, 4)
22: (364, 98)
24: (377, 39)
27: (414, 132)
28: (418, 134)
32: (467, 84)
35: (516, 2)
36: (563, 53)
39: (631, 143)
42: (657, 22)
43: (691, 120)
44: (699, 22)
46: (787, 83)
48: (846, 216)
49: (865, 125)
===========BOTTOM CHAIN VERTICES============
2: (64, 143)
6: (102, 131)
8: (181, 204)
9: (192, 535)
11: (196, 82)
13: (221, 423)
16: (292, 88)
17: (294, 157)
19: (341, 72)
21: (361, 177)
23: (374, 408)
25: (381, 87)
26: (400, 150)
29: (426, 210)
30: (428, 126)
31: (462, 121)
33: (468, 127)
34: (510, 241)
37: (602, 137)
38: (614, 333)
40: (634, 181)
41: (655, 108)
45: (716, 173)
47: (815, 458)
==================EDGES=====================
(42, 197) -> (42, 63)
(42, 63) -> (88, 21)
(88, 21) -> (92, 44)
(92, 44) -> (96, 93)
(96, 93) -> (165, 168)
(165, 168) -> (194, 46)
(194, 46) -> (211, 141)
(211, 141) -> (260, 225)
(260, 225) -> (265, 5)
(265, 5) -> (313, 108)
(313, 108) -> (347, 4)
(347, 4) -> (364, 98)
(364, 98) -> (377, 39)
(377, 39) -> (414, 132)
(414, 132) -> (418, 134)
(418, 134) -> (467, 84)
(467, 84) -> (516, 2)
(516, 2) -> (563, 53)
(563, 53) -> (631, 143)
(631, 143) -> (657, 22)
(657, 22) -> (691, 120)
(691, 120) -> (699, 22)
(699, 22) -> (787, 83)
(787, 83) -> (846, 216)
(846, 216) -> (865, 125)
(42, 197) -> (64, 143)
(64, 143) -> (102, 131)
(102, 131) -> (181, 204)
(181, 204) -> (192, 535)
(192, 535) -> (196, 82)
(196, 82) -> (221, 423)
(221, 423) -> (292, 88)
(292, 88) -> (294, 157)
(294, 157) -> (341, 72)
(341, 72) -> (361, 177)
(361, 177) -> (374, 408)
(374, 408) -> (381, 87)
(381, 87) -> (400, 150)
(400, 150) -> (426, 210)
(426, 210) -> (428, 126)
(428, 126) -> (462, 121)
(462, 121) -> (468, 127)
(468, 127) -> (510, 241)
(510, 241) -> (602, 137)
(602, 137) -> (614, 333)
(614, 333) -> (634, 181)
(634, 181) -> (655, 108)
(655, 108) -> (716, 173)
(716, 173) -> (815, 458)
(815, 458) -> (865, 125)
