Vertices: 100
Top chain length: 48
Bottom chain length: 52
=============TOP CHAIN VERTICES=============
0: (21, 116)
1: (21, 64)
2: (29, 95)
4: (60, 166)
6: (66, 282)
8: (135, 148)
9: (143, 158)
13: (177, 345)
15: (198, 382)
16: (204, 70)
18: (254, 228)
19: (261, 84)
20: (272, 100)
21: (321, 77)
23: (372, 75)
27: (443, 39)
28: (445, 26)
30: (476, 148)
31: (479, 24)
33: (498, 66)
36: (522, 62)
37: (537, 125)
39: (597, 114)
40: (611, 15)
45: (676, 51)
52: (756, 123)
54: (759, 8)
55: (804, 4)
57: (817, 62)
59: (821, 148)
60: (861, 167)
61: (864, 120)
62: (876, 233)
64: (925, 105)
66: (986, 39)
68: (1020, 57)
72: (1035, 306)
73: (1042, 29)
74: (1081, 198)
76: (1089, 37)
77: (1106, 190)
81: (1200, 111)
85: (1241, 25)
87: (1269, 172)
90: (1364, 113)
93: (1413, 114)
96: (1416, 345)
97: (1416, 104)
===========BOTTOM CHAIN VERTICES============
3: (43, 168)
5: (65, 323)
7: (125, 192)
10: (154, 233)
11: (167, 316)
12: (172, 344)
14: (188, 459)
17: (231, 316)
22: (325, 145)
24: (377, 91)
25: (409, 250)
26: (423, 274)
29: (456, 271)
32: (495, 179)
34: (505, 142)
35: (513, 145)
38: (564, 136)
41: (634, 156)
42: (657, 83)
43: (669, 131)
44: (671, 138)
46: (678, 99)
47: (686, 141)
48: (690, 116)
49: (692, 164)
50: (726, 143)
51: (731, 191)
53: (758, 151)
56: (804, 257)
58: (819, 320)
63: (877, 281)
65: (940, 187)
67: (996, 158)
69: (1020, 235)
70: (1023, 133)
71: (1025, 316)
75: (1084, 286)
78: (1115, 222)
79: (1139, 402)
80: (1177, 286)
82: (1202, 161)
83: (1213, 205)
84: (1223, 173)
86: (1250, 171)
88: (1275, 415)
89: (1361, 166)
91: (1401, 185)
92: (1407, 187)
94: (1413, 217)
95: (1414, 209)
98: (1416, 368)
99: (1434, 183)
==================EDGES=====================
(21, 116) -> (21, 64)
(21, 64) -> (29, 95)
(29, 95) -> (60, 166)
(60, 166) -> (66, 282)
(66, 282) -> (135, 148)
(135, 148) -> (143, 158)
(143, 158) -> (177, 345)
(177, 345) -> (198, 382)
(198, 382) -> (204, 70)
(204, 70) -> (254, 228)
(254, 228) -> (261, 84)
(261, 84) -> (272, 100)
(272, 100) -> (321, 77)
(321, 77) -> (372, 75)
(372, 75) -> (443, 39)
(443, 39) -> (445, 26)
(445, 26) -> (476, 148)
(476, 148) -> (479, 24)
(479, 24) -> (498, 66)
(498, 66) -> (522, 62)
(522, 62) -> (537, 125)
(537, 125) -> (597, 114)
(597, 114) -> (611, 15)
(611, 15) -> (676, 51)
(676, 51) -> (756, 123)
(756, 123) -> (759, 8)
(759, 8) -> (804, 4)
(804, 4) -> (817, 62)
(817, 62) -> (821, 148)
(821, 148) -> (861, 167)
(861, 167) -> (864, 120)
(864, 120) -> (876, 233)
(876, 233) -> (925, 105)
(925, 105) -> (986, 39)
(986, 39) -> (1020, 57)
(1020, 57) -> (1035, 306)
(1035, 306) -> (1042, 29)
(1042, 29) -> (1081, 198)
(1081, 198) -> (1089, 37)
(1089, 37) -> (1106, 190)
(1106, 190) -> (1200, 111)
(1200, 111) -> (1241, 25)
(1241, 25) -> (1269, 172)
(1269, 172) -> (1364, 113)
(1364, 113) -> (1413, 114)
(1413, 114) -> (1416, 345)
(1416, 345) -> (1416, 104)
(21, 116) -> (43, 168)
(43, 168) -> (65, 323)
(65, 323) -> (125, 192)
(125, 192) -> (154, 233)
(154, 233) -> (167, 316)
(167, 316) -> (172, 344)
(172, 344) -> (188, 459)
(188, 459) -> (231, 316)
(231, 316) -> (325, 145)
(325, 145) -> (377, 91)
(377, 91) -> (409, 250)
(409, 250) -> (423, 274)
(423, 274) -> (456, 271)
(456, 271) -> (495, 179)
(495, 179) -> (505, 142)
(505, 142) -> (513, 145)
(513, 145) -> (564, 136)
(564, 136) -> (634, 156)
(634, 156) -> (657, 83)
(657, 83) -> (669, 131)
(669, 131) -> (671, 138)
(671, 138) -> (678, 99)
(678, 99) -> (686, 141)
(686, 141) -> (690, 116)
(690, 116) -> (692, 164)
(692, 164) -> (726, 143)
(726, 143) -> (731, 191)
(731, 191) -> (758, 151)
(758, 151) -> (804, 257)
(804, 257) -> (819, 320)
(819, 320) -> (877, 281)
(877, 281) -> (940, 187)
(940, 187) -> (996, 158)
(996, 158) -> (1020, 235)
(1020, 235) -> (1023, 133)
(1023, 133) -> (1025, 316)
(1025, 316) -> (1084, 286)
(1084, 286) -> (1115, 222)
(1115, 222) -> (1139, 402)
(1139, 402) -> (1177, 286)
(1177, 286) -> (1202, 161)
(1202, 161) -> (1213, 205)
(1213, 205) -> (1223, 173)
(1223, 173) -> (1250, 171)
(1250, 171) -> (1275, 415)
(1275, 415) -> (1361, 166)
(1361, 166) -> (1401, 185)
(1401, 185) -> (1407, 187)
(1407, 187) -> (1413, 217)
(1413, 217) -> (1414, 209)
(1414, 209) -> (1416, 368)
(1416, 368) -> (1434, 183)
(1434, 183) -> (1416, 104)
