Vertices: 50
Top chain length: 22
Bottom chain length: 28
=============TOP CHAIN VERTICES=============
0: (46, 348)
1: (46, 123)
3: (99, 53)
8: (170, 218)
9: (176, 60)
11: (263, 75)
15: (318, 19)
18: (345, 177)
20: (370, 32)
21: (386, 36)
22: (429, 27)
24: (475, 58)
28: (532, 33)
32: (554, 409)
34: (566, 18)
37: (604, 165)
38: (626, 262)
39: (637, 100)
42: (661, 27)
44: (701, 154)
46: (719, 142)
47: (745, 84)
===========BOTTOM CHAIN VERTICES============
2: (98, 62)
4: (118, 147)
5: (122, 174)
6: (132, 153)
7: (150, 218)
10: (217, 255)
12: (266, 232)
13: (291, 416)
14: (313, 194)
16: (318, 201)
17: (333, 195)
19: (348, 187)
23: (465, 133)
25: (497, 214)
26: (506, 157)
27: (524, 82)
29: (532, 145)
30: (541, 269)
31: (544, 250)
33: (558, 482)
35: (580, 80)
36: (599, 219)
40: (642, 397)
41: (644, 171)
43: (662, 54)
45: (703, 251)
48: (752, 162)
49: (809, 277)
==================EDGES=====================
(46, 348) -> (46, 123)
(46, 123) -> (99, 53)
(99, 53) -> (170, 218)
(170, 218) -> (176, 60)
(176, 60) -> (263, 75)
(263, 75) -> (318, 19)
(318, 19) -> (345, 177)
(345, 177) -> (370, 32)
(370, 32) -> (386, 36)
(386, 36) -> (429, 27)
(429, 27) -> (475, 58)
(475, 58) -> (532, 33)
(532, 33) -> (554, 409)
(554, 409) -> (566, 18)
(566, 18) -> (604, 165)
(604, 165) -> (626, 262)
(626, 262) -> (637, 100)
(637, 100) -> (661, 27)
(661, 27) -> (701, 154)
(701, 154) -> (719, 142)
(719, 142) -> (745, 84)
(46, 348) -> (98, 62)
(98, 62) -> (118, 147)
(118, 147) -> (122, 174)
(122, 174) -> (132, 153)
(132, 153) -> (150, 218)
(150, 218) -> (217, 255)
(217, 255) -> (266, 232)
(266, 232) -> (291, 416)
(291, 416) -> (313, 194)
(313, 194) -> (318, 201)
(318, 201) -> (333, 195)
(333, 195) -> (348, 187)
(348, 187) -> (465, 133)
(465, 133) -> (497, 214)
(497, 214) -> (506, 157)
(506, 157) -> (524, 82)
(524, 82) -> (532, 145)
(532, 145) -> (541, 269)
(541, 269) -> (544, 250)
(544, 250) -> (558, 482)
(558, 482) -> (580, 80)
(580, 80) -> (599, 219)
(599, 219) -> (642, 397)
(642, 397) -> (644, 171)
(644, 171) -> (662, 54)
(662, 54) -> (703, 251)
(703, 251) -> (752, 162)
(752, 162) -> (809, 277)
(809, 277) -> (745, 84)
