Vertices: 100
Top chain length: 50
Bottom chain length: 50
=============TOP CHAIN VERTICES=============
0: (13, 142)
1: (13, 130)
2: (23, 100)
3: (40, 137)
6: (62, 151)
7: (66, 173)
8: (72, 157)
9: (73, 189)
11: (119, 265)
12: (148, 70)
13: (169, 19)
16: (194, 160)
21: (272, 72)
24: (318, 29)
26: (346, 137)
29: (421, 135)
30: (450, 9)
32: (471, 9)
33: (517, 41)
38: (542, 24)
39: (557, 102)
40: (558, 82)
41: (576, 111)
42: (600, 245)
48: (683, 23)
49: (692, 179)
51: (737, 70)
55: (832, 57)
56: (856, 107)
60: (875, 292)
61: (879, 131)
63: (903, 108)
64: (946, 97)
65: (949, 22)
68: (997, 198)
69: (1004, 76)
70: (1027, 94)
71: (1044, 16)
72: (1049, 163)
76: (1093, 116)
78: (1134, 61)
79: (1150, 127)
83: (1183, 116)
88: (1213, 379)
89: (1225, 301)
91: (1288, 40)
93: (1302, 6)
94: (1326, 49)
95: (1356, 36)
98: (1395, 7)
===========BOTTOM CHAIN VERTICES============
4: (48, 171)
5: (60, 223)
10: (99, 328)
14: (180, 172)
15: (189, 170)
17: (210, 234)
18: (227, 143)
19: (239, 171)
20: (261, 89)
22: (273, 140)
23: (297, 366)
25: (326, 182)
27: (376, 164)
28: (400, 147)
31: (468, 151)
34: (520, 326)
35: (523, 89)
36: (538, 105)
37: (539, 190)
43: (605, 339)
44: (664, 270)
45: (666, 139)
46: (672, 64)
47: (681, 60)
50: (694, 233)
52: (737, 104)
53: (780, 415)
54: (822, 94)
57: (858, 198)
58: (864, 269)
59: (866, 233)
62: (882, 368)
66: (950, 133)
67: (977, 208)
73: (1050, 232)
74: (1077, 447)
75: (1081, 157)
77: (1104, 222)
80: (1150, 208)
81: (1151, 279)
82: (1179, 221)
84: (1193, 245)
85: (1201, 329)
86: (1204, 339)
87: (1206, 401)
90: (1271, 235)
92: (1294, 62)
96: (1363, 136)
97: (1365, 187)
99: (1452, 1)
==================EDGES=====================
(13, 142) -> (13, 130)
(13, 130) -> (23, 100)
(23, 100) -> (40, 137)
(40, 137) -> (62, 151)
(62, 151) -> (66, 173)
(66, 173) -> (72, 157)
(72, 157) -> (73, 189)
(73, 189) -> (119, 265)
(119, 265) -> (148, 70)
(148, 70) -> (169, 19)
(169, 19) -> (194, 160)
(194, 160) -> (272, 72)
(272, 72) -> (318, 29)
(318, 29) -> (346, 137)
(346, 137) -> (421, 135)
(421, 135) -> (450, 9)
(450, 9) -> (471, 9)
(471, 9) -> (517, 41)
(517, 41) -> (542, 24)
(542, 24) -> (557, 102)
(557, 102) -> (558, 82)
(558, 82) -> (576, 111)
(576, 111) -> (600, 245)
(600, 245) -> (683, 23)
(683, 23) -> (692, 179)
(692, 179) -> (737, 70)
(737, 70) -> (832, 57)
(832, 57) -> (856, 107)
(856, 107) -> (875, 292)
(875, 292) -> (879, 131)
(879, 131) -> (903, 108)
(903, 108) -> (946, 97)
(946, 97) -> (949, 22)
(949, 22) -> (997, 198)
(997, 198) -> (1004, 76)
(1004, 76) -> (1027, 94)
(1027, 94) -> (1044, 16)
(1044, 16) -> (1049, 163)
(1049, 163) -> (1093, 116)
(1093, 116) -> (1134, 61)
(1134, 61) -> (1150, 127)
(1150, 127) -> (1183, 116)
(1183, 116) -> (1213, 379)
(1213, 379) -> (1225, 301)
(1225, 301) -> (1288, 40)
(1288, 40) -> (1302, 6)
(1302, 6) -> (1326, 49)
(1326, 49) -> (1356, 36)
(1356, 36) -> (1395, 7)
(13, 142) -> (48, 171)
(48, 171) -> (60, 223)
(60, 223) -> (99, 328)
(99, 328) -> (180, 172)
(180, 172) -> (189, 170)
(189, 170) -> (210, 234)
(210, 234) -> (227, 143)
(227, 143) -> (239, 171)
(239, 171) -> (261, 89)
(261, 89) -> (273, 140)
(273, 140) -> (297, 366)
(297, 366) -> (326, 182)
(326, 182) -> (376, 164)
(376, 164) -> (400, 147)
(400, 147) -> (468, 151)
(468, 151) -> (520, 326)
(520, 326) -> (523, 89)
(523, 89) -> (538, 105)
(538, 105) -> (539, 190)
(539, 190) -> (605, 339)
(605, 339) -> (664, 270)
(664, 270) -> (666, 139)
(666, 139) -> (672, 64)
(672, 64) -> (681, 60)
(681, 60) -> (694, 233)
(694, 233) -> (737, 104)
(737, 104) -> (780, 415)
(780, 415) -> (822, 94)
(822, 94) -> (858, 198)
(858, 198) -> (864, 269)
(864, 269) -> (866, 233)
(866, 233) -> (882, 368)
(882, 368) -> (950, 133)
(950, 133) -> (977, 208)
(977, 208) -> (1050, 232)
(1050, 232) -> (1077, 447)
(1077, 447) -> (1081, 157)
(1081, 157) -> (1104, 222)
(1104, 222) -> (1150, 208)
(1150, 208) -> (1151, 279)
(1151, 279) -> (1179, 221)
(1179, 221) -> (1193, 245)
(1193, 245) -> (1201, 329)
(1201, 329) -> (1204, 339)
(1204, 339) -> (1206, 401)
(1206, 401) -> (1271, 235)
(1271, 235) -> (1294, 62)
(1294, 62) -> (1363, 136)
(1363, 136) -> (1365, 187)
(1365, 187) -> (1452, 1)
(1452, 1) -> (1395, 7)
