Vertices: 50
Top chain length: 27
Bottom chain length: 23
=============TOP CHAIN VERTICES=============
0: (41, 245)
1: (41, 43)
2: (71, 53)
3: (94, 91)
6: (149, 70)
8: (215, 1)
10: (264, 0)
11: (273, 60)
16: (329, 10)
17: (339, 169)
20: (354, 243)
23: (420, 306)
24: (424, 22)
25: (430, 73)
27: (446, 118)
29: (458, 48)
32: (464, 312)
35: (523, 251)
38: (546, 32)
39: (546, 75)
40: (553, 68)
42: (581, 154)
44: (647, 236)
46: (670, 217)
47: (687, 47)
48: (698, 54)
49: (720, 189)
===========BOTTOM CHAIN VERTICES============
4: (106, 154)
5: (121, 123)
7: (199, 44)
9: (218, 239)
12: (303, 95)
13: (305, 69)
14: (311, 268)
15: (312, 64)
18: (339, 172)
19: (351, 281)
21: (369, 263)
22: (415, 312)
26: (443, 309)
28: (455, 103)
30: (460, 198)
31: (462, 233)
33: (464, 335)
34: (487, 290)
36: (527, 255)
37: (545, 177)
41: (577, 156)
43: (585, 170)
45: (649, 275)
==================EDGES=====================
(41, 245) -> (41, 43)
(41, 43) -> (71, 53)
(71, 53) -> (94, 91)
(94, 91) -> (149, 70)
(149, 70) -> (215, 1)
(215, 1) -> (264, 0)
(264, 0) -> (273, 60)
(273, 60) -> (329, 10)
(329, 10) -> (339, 169)
(339, 169) -> (354, 243)
(354, 243) -> (420, 306)
(420, 306) -> (424, 22)
(424, 22) -> (430, 73)
(430, 73) -> (446, 118)
(446, 118) -> (458, 48)
(458, 48) -> (464, 312)
(464, 312) -> (523, 251)
(523, 251) -> (546, 32)
(546, 32) -> (546, 75)
(546, 75) -> (553, 68)
(553, 68) -> (581, 154)
(581, 154) -> (647, 236)
(647, 236) -> (670, 217)
(670, 217) -> (687, 47)
(687, 47) -> (698, 54)
(698, 54) -> (720, 189)
(41, 245) -> (106, 154)
(106, 154) -> (121, 123)
(121, 123) -> (199, 44)
(199, 44) -> (218, 239)
(218, 239) -> (303, 95)
(303, 95) -> (305, 69)
(305, 69) -> (311, 268)
(311, 268) -> (312, 64)
(312, 64) -> (339, 172)
(339, 172) -> (351, 281)
(351, 281) -> (369, 263)
(369, 263) -> (415, 312)
(415, 312) -> (443, 309)
(443, 309) -> (455, 103)
(455, 103) -> (460, 198)
(460, 198) -> (462, 233)
(462, 233) -> (464, 335)
(464, 335) -> (487, 290)
(487, 290) -> (527, 255)
(527, 255) -> (545, 177)
(545, 177) -> (577, 156)
(577, 156) -> (585, 170)
(585, 170) -> (649, 275)
(649, 275) -> (720, 189)
