Vertices: 100
Top chain length: 44
Bottom chain length: 56
=============TOP CHAIN VERTICES=============
0: (9, 293)
1: (9, 14)
2: (12, 260)
4: (52, 207)
6: (124, 65)
9: (179, 99)
11: (202, 66)
13: (229, 58)
14: (232, 117)
16: (276, 114)
20: (367, 182)
21: (370, 148)
23: (381, 100)
24: (424, 96)
25: (429, 118)
27: (457, 59)
28: (463, 77)
29: (471, 144)
31: (544, 50)
34: (598, 27)
36: (605, 218)
39: (664, 42)
40: (705, 74)
43: (735, 19)
44: (776, 69)
46: (803, 41)
47: (832, 27)
50: (897, 1)
52: (900, 132)
54: (931, 139)
56: (985, 266)
57: (1007, 61)
60: (1084, 271)
61: (1100, 85)
64: (1127, 84)
66: (1164, 174)
68: (1185, 145)
70: (1248, 24)
73: (1299, 220)
74: (1310, 1)
75: (1333, 57)
77: (1393, 8)
78: (1433, 31)
80: (1461, 24)
===========BOTTOM CHAIN VERTICES============
3: (23, 265)
5: (93, 164)
7: (133, 121)
8: (155, 200)
10: (190, 94)
12: (223, 95)
15: (238, 176)
17: (290, 216)
18: (297, 131)
19: (344, 208)
22: (375, 214)
26: (448, 222)
30: (523, 105)
32: (580, 68)
33: (592, 121)
35: (599, 307)
37: (625, 225)
38: (661, 119)
41: (712, 247)
42: (717, 83)
45: (784, 120)
48: (841, 200)
49: (896, 46)
51: (898, 264)
53: (904, 199)
55: (966, 265)
58: (1017, 349)
59: (1061, 298)
62: (1104, 308)
63: (1117, 186)
65: (1157, 174)
67: (1170, 185)
69: (1222, 144)
71: (1273, 146)
72: (1298, 233)
76: (1341, 402)
79: (1439, 33)
81: (1474, 199)
82: (1482, 72)
83: (1589, 190)
84: (1623, 111)
85: (1632, 195)
86: (1674, 194)
87: (1680, 75)
88: (1740, 130)
89: (1773, 189)
90: (1806, 24)
91: (1810, 80)
92: (1817, 265)
93: (1831, 45)
94: (1874, 170)
95: (1889, 244)
96: (1896, 17)
97: (1934, 112)
98: (1946, 157)
99: (1972, 11)
==================EDGES=====================
(9, 293) -> (9, 14)
(9, 14) -> (12, 260)
(12, 260) -> (52, 207)
(52, 207) -> (124, 65)
(124, 65) -> (179, 99)
(179, 99) -> (202, 66)
(202, 66) -> (229, 58)
(229, 58) -> (232, 117)
(232, 117) -> (276, 114)
(276, 114) -> (367, 182)
(367, 182) -> (370, 148)
(370, 148) -> (381, 100)
(381, 100) -> (424, 96)
(424, 96) -> (429, 118)
(429, 118) -> (457, 59)
(457, 59) -> (463, 77)
(463, 77) -> (471, 144)
(471, 144) -> (544, 50)
(544, 50) -> (598, 27)
(598, 27) -> (605, 218)
(605, 218) -> (664, 42)
(664, 42) -> (705, 74)
(705, 74) -> (735, 19)
(735, 19) -> (776, 69)
(776, 69) -> (803, 41)
(803, 41) -> (832, 27)
(832, 27) -> (897, 1)
(897, 1) -> (900, 132)
(900, 132) -> (931, 139)
(931, 139) -> (985, 266)
(985, 266) -> (1007, 61)
(1007, 61) -> (1084, 271)
(1084, 271) -> (1100, 85)
(1100, 85) -> (1127, 84)
(1127, 84) -> (1164, 174)
(1164, 174) -> (1185, 145)
(1185, 145) -> (1248, 24)
(1248, 24) -> (1299, 220)
(1299, 220) -> (1310, 1)
(1310, 1) -> (1333, 57)
(1333, 57) -> (1393, 8)
(1393, 8) -> (1433, 31)
(1433, 31) -> (1461, 24)
(9, 293) -> (23, 265)
(23, 265) -> (93, 164)
(93, 164) -> (133, 121)
(133, 121) -> (155, 200)
(155, 200) -> (190, 94)
(190, 94) -> (223, 95)
(223, 95) -> (238, 176)
(238, 176) -> (290, 216)
(290, 216) -> (297, 131)
(297, 131) -> (344, 208)
(344, 208) -> (375, 214)
(375, 214) -> (448, 222)
(448, 222) -> (523, 105)
(523, 105) -> (580, 68)
(580, 68) -> (592, 121)
(592, 121) -> (599, 307)
(599, 307) -> (625, 225)
(625, 225) -> (661, 119)
(661, 119) -> (712, 247)
(712, 247) -> (717, 83)
(717, 83) -> (784, 120)
(784, 120) -> (841, 200)
(841, 200) -> (896, 46)
(896, 46) -> (898, 264)
(898, 264) -> (904, 199)
(904, 199) -> (966, 265)
(966, 265) -> (1017, 349)
(1017, 349) -> (1061, 298)
(1061, 298) -> (1104, 308)
(1104, 308) -> (1117, 186)
(1117, 186) -> (1157, 174)
(1157, 174) -> (1170, 185)
(1170, 185) -> (1222, 144)
(1222, 144) -> (1273, 146)
(1273, 146) -> (1298, 233)
(1298, 233) -> (1341, 402)
(1341, 402) -> (1439, 33)
(1439, 33) -> (1474, 199)
(1474, 199) -> (1482, 72)
(1482, 72) -> (1589, 190)
(1589, 190) -> (1623, 111)
(1623, 111) -> (1632, 195)
(1632, 195) -> (1674, 194)
(1674, 194) -> (1680, 75)
(1680, 75) -> (1740, 130)
(1740, 130) -> (1773, 189)
(1773, 189) -> (1806, 24)
(1806, 24) -> (1810, 80)
(1810, 80) -> (1817, 265)
(1817, 265) -> (1831, 45)
(1831, 45) -> (1874, 170)
(1874, 170) -> (1889, 244)
(1889, 244) -> (1896, 17)
(1896, 17) -> (1934, 112)
(1934, 112) -> (1946, 157)
(1946, 157) -> (1972, 11)
(1972, 11) -> (1461, 24)
