Vertices: 100
Top chain length: 51
Bottom chain length: 49
=============TOP CHAIN VERTICES=============
0: (51, 140)
1: (51, 114)
5: (85, 256)
8: (135, 207)
10: (188, 94)
14: (224, 157)
17: (244, 245)
18: (277, 234)
19: (284, 131)
21: (293, 52)
24: (370, 72)
26: (381, 182)
27: (406, 183)
29: (435, 248)
32: (484, 47)
33: (504, 90)
36: (562, 112)
37: (583, 39)
38: (591, 84)
41: (664, 37)
43: (671, 11)
44: (677, 72)
45: (680, 3)
48: (734, 12)
50: (765, 132)
53: (809, 334)
54: (837, 102)
57: (883, 17)
58: (890, 52)
60: (920, 374)
63: (981, 12)
65: (997, 77)
66: (1000, 50)
68: (1004, 38)
69: (1062, 54)
71: (1088, 89)
72: (1098, 53)
74: (1115, 98)
76: (1181, 7)
79: (1196, 100)
81: (1238, 157)
82: (1253, 238)
84: (1289, 19)
85: (1313, 96)
86: (1382, 70)
88: (1392, 155)
90: (1397, 221)
91: (1404, 237)
92: (1435, 237)
93: (1447, 130)
98: (1504, 250)
===========BOTTOM CHAIN VERTICES============
2: (57, 153)
3: (62, 248)
4: (78, 237)
6: (102, 320)
7: (125, 239)
9: (184, 358)
11: (193, 228)
12: (197, 274)
13: (215, 144)
15: (230, 279)
16: (232, 273)
20: (286, 308)
22: (338, 100)
23: (368, 215)
25: (379, 210)
28: (417, 256)
30: (465, 261)
31: (477, 205)
34: (518, 307)
35: (546, 198)
39: (605, 102)
40: (617, 100)
42: (669, 229)
46: (693, 56)
47: (712, 30)
49: (755, 308)
51: (770, 259)
52: (790, 384)
55: (850, 307)
56: (882, 264)
59: (912, 313)
61: (933, 486)
62: (958, 162)
64: (995, 101)
67: (1002, 45)
70: (1073, 157)
73: (1106, 85)
75: (1129, 147)
77: (1185, 92)
78: (1193, 211)
80: (1213, 125)
83: (1284, 332)
87: (1386, 283)
89: (1395, 383)
94: (1455, 225)
95: (1464, 408)
96: (1486, 222)
97: (1494, 334)
99: (1542, 270)
==================EDGES=====================
(51, 140) -> (51, 114)
(51, 114) -> (85, 256)
(85, 256) -> (135, 207)
(135, 207) -> (188, 94)
(188, 94) -> (224, 157)
(224, 157) -> (244, 245)
(244, 245) -> (277, 234)
(277, 234) -> (284, 131)
(284, 131) -> (293, 52)
(293, 52) -> (370, 72)
(370, 72) -> (381, 182)
(381, 182) -> (406, 183)
(406, 183) -> (435, 248)
(435, 248) -> (484, 47)
(484, 47) -> (504, 90)
(504, 90) -> (562, 112)
(562, 112) -> (583, 39)
(583, 39) -> (591, 84)
(591, 84) -> (664, 37)
(664, 37) -> (671, 11)
(671, 11) -> (677, 72)
(677, 72) -> (680, 3)
(680, 3) -> (734, 12)
(734, 12) -> (765, 132)
(765, 132) -> (809, 334)
(809, 334) -> (837, 102)
(837, 102) -> (883, 17)
(883, 17) -> (890, 52)
(890, 52) -> (920, 374)
(920, 374) -> (981, 12)
(981, 12) -> (997, 77)
(997, 77) -> (1000, 50)
(1000, 50) -> (1004, 38)
(1004, 38) -> (1062, 54)
(1062, 54) -> (1088, 89)
(1088, 89) -> (1098, 53)
(1098, 53) -> (1115, 98)
(1115, 98) -> (1181, 7)
(1181, 7) -> (1196, 100)
(1196, 100) -> (1238, 157)
(1238, 157) -> (1253, 238)
(1253, 238) -> (1289, 19)
(1289, 19) -> (1313, 96)
(1313, 96) -> (1382, 70)
(1382, 70) -> (1392, 155)
(1392, 155) -> (1397, 221)
(1397, 221) -> (1404, 237)
(1404, 237) -> (1435, 237)
(1435, 237) -> (1447, 130)
(1447, 130) -> (1504, 250)
(51, 140) -> (57, 153)
(57, 153) -> (62, 248)
(62, 248) -> (78, 237)
(78, 237) -> (102, 320)
(102, 320) -> (125, 239)
(125, 239) -> (184, 358)
(184, 358) -> (193, 228)
(193, 228) -> (197, 274)
(197, 274) -> (215, 144)
(215, 144) -> (230, 279)
(230, 279) -> (232, 273)
(232, 273) -> (286, 308)
(286, 308) -> (338, 100)
(338, 100) -> (368, 215)
(368, 215) -> (379, 210)
(379, 210) -> (417, 256)
(417, 256) -> (465, 261)
(465, 261) -> (477, 205)
(477, 205) -> (518, 307)
(518, 307) -> (546, 198)
(546, 198) -> (605, 102)
(605, 102) -> (617, 100)
(617, 100) -> (669, 229)
(669, 229) -> (693, 56)
(693, 56) -> (712, 30)
(712, 30) -> (755, 308)
(755, 308) -> (770, 259)
(770, 259) -> (790, 384)
(790, 384) -> (850, 307)
(850, 307) -> (882, 264)
(882, 264) -> (912, 313)
(912, 313) -> (933, 486)
(933, 486) -> (958, 162)
(958, 162) -> (995, 101)
(995, 101) -> (1002, 45)
(1002, 45) -> (1073, 157)
(1073, 157) -> (1106, 85)
(1106, 85) -> (1129, 147)
(1129, 147) -> (1185, 92)
(1185, 92) -> (1193, 211)
(1193, 211) -> (1213, 125)
(1213, 125) -> (1284, 332)
(1284, 332) -> (1386, 283)
(1386, 283) -> (1395, 383)
(1395, 383) -> (1455, 225)
(1455, 225) -> (1464, 408)
(1464, 408) -> (1486, 222)
(1486, 222) -> (1494, 334)
(1494, 334) -> (1542, 270)
(1542, 270) -> (1504, 250)
