Vertices: 100
Top chain length: 76
Bottom chain length: 24
=============TOP CHAIN VERTICES=============
0: (8, 157)
1: (8, 40)
2: (18, 100)
5: (54, 208)
7: (101, 190)
10: (134, 207)
11: (158, 189)
14: (212, 72)
16: (256, 186)
20: (277, 166)
21: (283, 162)
24: (321, 275)
25: (355, 86)
26: (359, 49)
27: (365, 72)
30: (447, 113)
31: (454, 50)
32: (497, 95)
35: (530, 108)
37: (543, 26)
40: (558, 8)
43: (616, 145)
45: (683, 44)
47: (735, 145)
48: (792, 233)
49: (816, 63)
50: (821, 8)
51: (880, 264)
52: (952, 1)
53: (955, 458)
54: (1056, 20)
55: (1056, 62)
56: (1116, 11)
57: (1122, 23)
58: (1166, 180)
59: (1173, 219)
60: (1230, 122)
61: (1256, 60)
62: (1270, 65)
63: (1303, 50)
64: (1311, 93)
65: (1316, 291)
66: (1318, 92)
67: (1328, 66)
68: (1344, 63)
69: (1393, 54)
70: (1395, 155)
71: (1450, 46)
72: (1461, 1)
73: (1477, 21)
74: (1517, 157)
75: (1557, 50)
76: (1582, 120)
77: (1643, 5)
78: (1677, 41)
79: (1704, 110)
80: (1709, 21)
81: (1846, 46)
82: (1879, 78)
83: (1927, 310)
84: (1946, 74)
85: (1956, 107)
86: (1993, 3)
87: (2022, 8)
88: (2099, 103)
89: (2157, 33)
90: (2168, 233)
91: (2191, 54)
92: (2200, 69)
93: (2315, 158)
94: (2349, 31)
95: (2366, 136)
96: (2378, 84)
97: (2392, 44)
98: (2426, 111)
99: (2441, 297)
===========BOTTOM CHAIN VERTICES============
3: (29, 245)
4: (44, 190)
6: (80, 287)
8: (121, 393)
9: (129, 323)
12: (190, 370)
13: (193, 377)
15: (232, 129)
17: (258, 316)
18: (262, 211)
19: (273, 202)
22: (290, 235)
23: (310, 469)
28: (375, 114)
29: (414, 179)
33: (510, 204)
34: (526, 168)
36: (538, 154)
38: (551, 75)
39: (555, 74)
41: (568, 54)
42: (608, 255)
44: (644, 171)
46: (710, 547)
==================EDGES=====================
(8, 157) -> (8, 40)
(8, 40) -> (18, 100)
(18, 100) -> (54, 208)
(54, 208) -> (101, 190)
(101, 190) -> (134, 207)
(134, 207) -> (158, 189)
(158, 189) -> (212, 72)
(212, 72) -> (256, 186)
(256, 186) -> (277, 166)
(277, 166) -> (283, 162)
(283, 162) -> (321, 275)
(321, 275) -> (355, 86)
(355, 86) -> (359, 49)
(359, 49) -> (365, 72)
(365, 72) -> (447, 113)
(447, 113) -> (454, 50)
(454, 50) -> (497, 95)
(497, 95) -> (530, 108)
(530, 108) -> (543, 26)
(543, 26) -> (558, 8)
(558, 8) -> (616, 145)
(616, 145) -> (683, 44)
(683, 44) -> (735, 145)
(735, 145) -> (792, 233)
(792, 233) -> (816, 63)
(816, 63) -> (821, 8)
(821, 8) -> (880, 264)
(880, 264) -> (952, 1)
(952, 1) -> (955, 458)
(955, 458) -> (1056, 20)
(1056, 20) -> (1056, 62)
(1056, 62) -> (1116, 11)
(1116, 11) -> (1122, 23)
(1122, 23) -> (1166, 180)
(1166, 180) -> (1173, 219)
(1173, 219) -> (1230, 122)
(1230, 122) -> (1256, 60)
(1256, 60) -> (1270, 65)
(1270, 65) -> (1303, 50)
(1303, 50) -> (1311, 93)
(1311, 93) -> (1316, 291)
(1316, 291) -> (1318, 92)
(1318, 92) -> (1328, 66)
(1328, 66) -> (1344, 63)
(1344, 63) -> (1393, 54)
(1393, 54) -> (1395, 155)
(1395, 155) -> (1450, 46)
(1450, 46) -> (1461, 1)
(1461, 1) -> (1477, 21)
(1477, 21) -> (1517, 157)
(1517, 157) -> (1557, 50)
(1557, 50) -> (1582, 120)
(1582, 120) -> (1643, 5)
(1643, 5) -> (1677, 41)
(1677, 41) -> (1704, 110)
(1704, 110) -> (1709, 21)
(1709, 21) -> (1846, 46)
(1846, 46) -> (1879, 78)
(1879, 78) -> (1927, 310)
(1927, 310) -> (1946, 74)
(1946, 74) -> (1956, 107)
(1956, 107) -> (1993, 3)
(1993, 3) -> (2022, 8)
(2022, 8) -> (2099, 103)
(2099, 103) -> (2157, 33)
(2157, 33) -> (2168, 233)
(2168, 233) -> (2191, 54)
(2191, 54) -> (2200, 69)
(2200, 69) -> (2315, 158)
(2315, 158) -> (2349, 31)
(2349, 31) -> (2366, 136)
(2366, 136) -> (2378, 84)
(2378, 84) -> (2392, 44)
(2392, 44) -> (2426, 111)
(2426, 111) -> (2441, 297)
(8, 157) -> (29, 245)
(29, 245) -> (44, 190)
(44, 190) -> (80, 287)
(80, 287) -> (121, 393)
(121, 393) -> (129, 323)
(129, 323) -> (190, 370)
(190, 370) -> (193, 377)
(193, 377) -> (232, 129)
(232, 129) -> (258, 316)
(258, 316) -> (262, 211)
(262, 211) -> (273, 202)
(273, 202) -> (290, 235)
(290, 235) -> (310, 469)
(310, 469) -> (375, 114)
(375, 114) -> (414, 179)
(414, 179) -> (510, 204)
(510, 204) -> (526, 168)
(526, 168) -> (538, 154)
(538, 154) -> (551, 75)
(551, 75) -> (555, 74)
(555, 74) -> (568, 54)
(568, 54) -> (608, 255)
(608, 255) -> (644, 171)
(644, 171) -> (710, 547)
(710, 547) -> (2441, 297)
