Vertices: 100
Top chain length: 44
Bottom chain length: 56
=============TOP CHAIN VERTICES=============
0: (13, 96)
1: (13, 52)
2: (45, 82)
3: (90, 44)
12: (146, 85)
18: (185, 423)
19: (189, 155)
20: (242, 101)
28: (312, 413)
29: (331, 253)
31: (342, 149)
32: (353, 136)
34: (354, 58)
35: (358, 68)
37: (364, 85)
39: (387, 280)
47: (485, 97)
50: (494, 313)
52: (503, 16)
55: (538, 383)
58: (593, 48)
59: (594, 72)
61: (651, 31)
63: (674, 182)
65: (682, 259)
66: (684, 186)
67: (693, 150)
68: (704, 121)
69: (725, 77)
72: (769, 56)
75: (787, 229)
77: (832, 135)
79: (870, 136)
81: (925, 118)
83: (937, 137)
85: (995, 88)
88: (1033, 12)
89: (1037, 32)
92: (1058, 153)
94: (1143, 190)
96: (1192, 273)
97: (1241, 70)
98: (1285, 19)
99: (1300, 29)
===========BOTTOM CHAIN VERTICES============
4: (98, 125)
5: (100, 147)
6: (104, 58)
7: (107, 144)
8: (127, 157)
9: (134, 311)
10: (137, 241)
11: (138, 98)
13: (150, 268)
14: (154, 184)
15: (167, 284)
16: (169, 389)
17: (184, 452)
21: (246, 168)
22: (250, 144)
23: (271, 276)
24: (286, 387)
25: (290, 315)
26: (294, 387)
27: (300, 466)
30: (338, 328)
33: (353, 238)
36: (361, 120)
38: (373, 280)
40: (400, 307)
41: (401, 293)
42: (417, 323)
43: (425, 239)
44: (453, 219)
45: (459, 179)
46: (483, 183)
48: (485, 168)
49: (487, 291)
51: (499, 356)
53: (516, 162)
54: (533, 440)
56: (564, 338)
57: (591, 299)
60: (643, 138)
62: (669, 165)
64: (680, 290)
70: (734, 145)
71: (767, 57)
73: (770, 251)
74: (782, 255)
76: (829, 247)
78: (840, 154)
80: (902, 159)
82: (936, 220)
84: (972, 110)
86: (1028, 60)
87: (1031, 79)
90: (1040, 316)
91: (1043, 360)
93: (1058, 194)
95: (1152, 634)
==================EDGES=====================
(13, 96) -> (13, 52)
(13, 52) -> (45, 82)
(45, 82) -> (90, 44)
(90, 44) -> (146, 85)
(146, 85) -> (185, 423)
(185, 423) -> (189, 155)
(189, 155) -> (242, 101)
(242, 101) -> (312, 413)
(312, 413) -> (331, 253)
(331, 253) -> (342, 149)
(342, 149) -> (353, 136)
(353, 136) -> (354, 58)
(354, 58) -> (358, 68)
(358, 68) -> (364, 85)
(364, 85) -> (387, 280)
(387, 280) -> (485, 97)
(485, 97) -> (494, 313)
(494, 313) -> (503, 16)
(503, 16) -> (538, 383)
(538, 383) -> (593, 48)
(593, 48) -> (594, 72)
(594, 72) -> (651, 31)
(651, 31) -> (674, 182)
(674, 182) -> (682, 259)
(682, 259) -> (684, 186)
(684, 186) -> (693, 150)
(693, 150) -> (704, 121)
(704, 121) -> (725, 77)
(725, 77) -> (769, 56)
(769, 56) -> (787, 229)
(787, 229) -> (832, 135)
(832, 135) -> (870, 136)
(870, 136) -> (925, 118)
(925, 118) -> (937, 137)
(937, 137) -> (995, 88)
(995, 88) -> (1033, 12)
(1033, 12) -> (1037, 32)
(1037, 32) -> (1058, 153)
(1058, 153) -> (1143, 190)
(1143, 190) -> (1192, 273)
(1192, 273) -> (1241, 70)
(1241, 70) -> (1285, 19)
(1285, 19) -> (1300, 29)
(13, 96) -> (98, 125)
(98, 125) -> (100, 147)
(100, 147) -> (104, 58)
(104, 58) -> (107, 144)
(107, 144) -> (127, 157)
(127, 157) -> (134, 311)
(134, 311) -> (137, 241)
(137, 241) -> (138, 98)
(138, 98) -> (150, 268)
(150, 268) -> (154, 184)
(154, 184) -> (167, 284)
(167, 284) -> (169, 389)
(169, 389) -> (184, 452)
(184, 452) -> (246, 168)
(246, 168) -> (250, 144)
(250, 144) -> (271, 276)
(271, 276) -> (286, 387)
(286, 387) -> (290, 315)
(290, 315) -> (294, 387)
(294, 387) -> (300, 466)
(300, 466) -> (338, 328)
(338, 328) -> (353, 238)
(353, 238) -> (361, 120)
(361, 120) -> (373, 280)
(373, 280) -> (400, 307)
(400, 307) -> (401, 293)
(401, 293) -> (417, 323)
(417, 323) -> (425, 239)
(425, 239) -> (453, 219)
(453, 219) -> (459, 179)
(459, 179) -> (483, 183)
(483, 183) -> (485, 168)
(485, 168) -> (487, 291)
(487, 291) -> (499, 356)
(499, 356) -> (516, 162)
(516, 162) -> (533, 440)
(533, 440) -> (564, 338)
(564, 338) -> (591, 299)
(591, 299) -> (643, 138)
(643, 138) -> (669, 165)
(669, 165) -> (680, 290)
(680, 290) -> (734, 145)
(734, 145) -> (767, 57)
(767, 57) -> (770, 251)
(770, 251) -> (782, 255)
(782, 255) -> (829, 247)
(829, 247) -> (840, 154)
(840, 154) -> (902, 159)
(902, 159) -> (936, 220)
(936, 220) -> (972, 110)
(972, 110) -> (1028, 60)
(1028, 60) -> (1031, 79)
(1031, 79) -> (1040, 316)
(1040, 316) -> (1043, 360)
(1043, 360) -> (1058, 194)
(1058, 194) -> (1152, 634)
(1152, 634) -> (1300, 29)
