Vertices: 50
Top chain length: 23
Bottom chain length: 27
=============TOP CHAIN VERTICES=============
0: (105, 153)
1: (105, 66)
2: (126, 96)
4: (153, 118)
5: (158, 89)
6: (177, 31)
8: (197, 212)
12: (233, 43)
14: (265, 109)
20: (322, 211)
21: (323, 71)
23: (385, 38)
25: (396, 192)
26: (447, 172)
28: (504, 44)
29: (524, 7)
31: (553, 89)
36: (625, 129)
41: (665, 7)
43: (748, 129)
45: (766, 123)
47: (822, 139)
49: (854, 14)
===========BOTTOM CHAIN VERTICES============
3: (139, 282)
7: (179, 183)
9: (214, 306)
10: (217, 260)
11: (219, 109)
13: (257, 187)
15: (269, 122)
16: (279, 169)
17: (283, 312)
18: (302, 208)
19: (309, 379)
22: (354, 77)
24: (391, 204)
27: (476, 320)
30: (527, 85)
32: (577, 121)
33: (590, 134)
34: (601, 134)
35: (621, 199)
37: (636, 271)
38: (659, 342)
39: (663, 135)
40: (664, 271)
42: (725, 130)
44: (755, 161)
46: (813, 359)
48: (847, 154)
==================EDGES=====================
(105, 153) -> (105, 66)
(105, 66) -> (126, 96)
(126, 96) -> (153, 118)
(153, 118) -> (158, 89)
(158, 89) -> (177, 31)
(177, 31) -> (197, 212)
(197, 212) -> (233, 43)
(233, 43) -> (265, 109)
(265, 109) -> (322, 211)
(322, 211) -> (323, 71)
(323, 71) -> (385, 38)
(385, 38) -> (396, 192)
(396, 192) -> (447, 172)
(447, 172) -> (504, 44)
(504, 44) -> (524, 7)
(524, 7) -> (553, 89)
(553, 89) -> (625, 129)
(625, 129) -> (665, 7)
(665, 7) -> (748, 129)
(748, 129) -> (766, 123)
(766, 123) -> (822, 139)
(822, 139) -> (854, 14)
(105, 153) -> (139, 282)
(139, 282) -> (179, 183)
(179, 183) -> (214, 306)
(214, 306) -> (217, 260)
(217, 260) -> (219, 109)
(219, 109) -> (257, 187)
(257, 187) -> (269, 122)
(269, 122) -> (279, 169)
(279, 169) -> (283, 312)
(283, 312) -> (302, 208)
(302, 208) -> (309, 379)
(309, 379) -> (354, 77)
(354, 77) -> (391, 204)
(391, 204) -> (476, 320)
(476, 320) -> (527, 85)
(527, 85) -> (577, 121)
(577, 121) -> (590, 134)
(590, 134) -> (601, 134)
(601, 134) -> (621, 199)
(621, 199) -> (636, 271)
(636, 271) -> (659, 342)
(659, 342) -> (663, 135)
(663, 135) -> (664, 271)
(664, 271) -> (725, 130)
(725, 130) -> (755, 161)
(755, 161) -> (813, 359)
(813, 359) -> (847, 154)
(847, 154) -> (854, 14)
