Vertices: 50
Top chain length: 32
Bottom chain length: 18
=============TOP CHAIN VERTICES=============
0: (10, 207)
1: (10, 93)
4: (92, 43)
8: (157, 360)
10: (188, 70)
13: (291, 160)
15: (301, 65)
19: (354, 287)
20: (389, 62)
21: (404, 58)
24: (473, 7)
28: (533, 140)
29: (537, 166)
31: (556, 99)
32: (602, 103)
33: (624, 40)
34: (706, 29)
35: (737, 68)
36: (767, 11)
37: (828, 93)
38: (862, 257)
39: (872, 55)
40: (885, 30)
41: (947, 7)
42: (978, 2)
43: (1030, 70)
44: (1046, 68)
45: (1066, 112)
46: (1090, 33)
47: (1100, 141)
48: (1138, 125)
49: (1150, 308)
===========BOTTOM CHAIN VERTICES============
2: (11, 124)
3: (70, 240)
5: (113, 277)
6: (118, 207)
7: (139, 346)
9: (169, 428)
11: (203, 272)
12: (228, 272)
14: (295, 188)
16: (309, 128)
17: (329, 272)
18: (335, 340)
22: (425, 107)
23: (436, 267)
25: (479, 52)
26: (485, 72)
27: (512, 149)
30: (543, 250)
==================EDGES=====================
(10, 207) -> (10, 93)
(10, 93) -> (92, 43)
(92, 43) -> (157, 360)
(157, 360) -> (188, 70)
(188, 70) -> (291, 160)
(291, 160) -> (301, 65)
(301, 65) -> (354, 287)
(354, 287) -> (389, 62)
(389, 62) -> (404, 58)
(404, 58) -> (473, 7)
(473, 7) -> (533, 140)
(533, 140) -> (537, 166)
(537, 166) -> (556, 99)
(556, 99) -> (602, 103)
(602, 103) -> (624, 40)
(624, 40) -> (706, 29)
(706, 29) -> (737, 68)
(737, 68) -> (767, 11)
(767, 11) -> (828, 93)
(828, 93) -> (862, 257)
(862, 257) -> (872, 55)
(872, 55) -> (885, 30)
(885, 30) -> (947, 7)
(947, 7) -> (978, 2)
(978, 2) -> (1030, 70)
(1030, 70) -> (1046, 68)
(1046, 68) -> (1066, 112)
(1066, 112) -> (1090, 33)
(1090, 33) -> (1100, 141)
(1100, 141) -> (1138, 125)
(1138, 125) -> (1150, 308)
(10, 207) -> (11, 124)
(11, 124) -> (70, 240)
(70, 240) -> (113, 277)
(113, 277) -> (118, 207)
(118, 207) -> (139, 346)
(139, 346) -> (169, 428)
(169, 428) -> (203, 272)
(203, 272) -> (228, 272)
(228, 272) -> (295, 188)
(295, 188) -> (309, 128)
(309, 128) -> (329, 272)
(329, 272) -> (335, 340)
(335, 340) -> (425, 107)
(425, 107) -> (436, 267)
(436, 267) -> (479, 52)
(479, 52) -> (485, 72)
(485, 72) -> (512, 149)
(512, 149) -> (543, 250)
(543, 250) -> (1150, 308)
