Vertices: 10
Top chain length: 3
Bottom chain length: 7
=============TOP CHAIN VERTICES=============
(62, 95)
(110, 9)
(149, 89)
===========BOTTOM CHAIN VERTICES============
(2, 45)
(33, 230)
(104, 122)
(132, 94)
(133, 97)
(171, 177)
(191, 225)
==================EDGES=====================
(62, 95) -> (110, 9)
(110, 9) -> (149, 89)
(62, 95) -> (2, 45)
(2, 45) -> (33, 230)
(33, 230) -> (104, 122)
(104, 122) -> (132, 94)
(132, 94) -> (133, 97)
(133, 97) -> (171, 177)
(171, 177) -> (191, 225)
(191, 225) -> (149, 89)
