Vertices: 100
Top chain length: 38
Bottom chain length: 62
=============TOP CHAIN VERTICES=============
0: (44, 163)
1: (44, 13)
3: (56, 36)
7: (80, 206)
10: (126, 147)
12: (173, 190)
15: (272, 117)
17: (313, 53)
20: (377, 9)
24: (444, 105)
25: (459, 66)
26: (464, 121)
28: (490, 3)
29: (508, 135)
32: (534, 178)
34: (601, 62)
39: (726, 93)
41: (766, 77)
45: (782, 183)
48: (817, 157)
52: (891, 14)
54: (914, 37)
56: (954, 174)
59: (1017, 109)
63: (1096, 163)
64: (1144, 91)
67: (1199, 43)
70: (1220, 60)
71: (1220, 151)
72: (1254, 87)
77: (1332, 34)
80: (1387, 42)
86: (1519, 235)
88: (1559, 127)
92: (1656, 86)
94: (1670, 130)
96: (1711, 46)
99: (1768, 296)
===========BOTTOM CHAIN VERTICES============
2: (55, 38)
4: (58, 173)
5: (64, 210)
6: (67, 226)
8: (100, 214)
9: (106, 322)
11: (149, 180)
13: (186, 228)
14: (232, 156)
16: (279, 286)
18: (315, 227)
19: (372, 313)
21: (379, 282)
22: (381, 154)
23: (409, 222)
27: (470, 123)
30: (514, 149)
31: (517, 225)
33: (550, 197)
35: (608, 93)
36: (633, 120)
37: (654, 284)
38: (682, 187)
40: (763, 131)
42: (770, 146)
43: (772, 207)
44: (779, 188)
46: (787, 244)
47: (811, 186)
49: (848, 117)
50: (864, 149)
51: (886, 136)
53: (891, 180)
55: (951, 329)
57: (990, 200)
58: (1008, 183)
60: (1038, 310)
61: (1071, 175)
62: (1088, 295)
65: (1164, 76)
66: (1179, 67)
68: (1209, 106)
69: (1219, 353)
73: (1288, 167)
74: (1311, 141)
75: (1312, 98)
76: (1323, 55)
78: (1358, 186)
79: (1363, 78)
81: (1395, 84)
82: (1418, 145)
83: (1436, 190)
84: (1465, 348)
85: (1490, 239)
87: (1550, 288)
89: (1568, 253)
90: (1627, 103)
91: (1641, 247)
93: (1665, 288)
95: (1671, 154)
97: (1716, 132)
98: (1735, 203)
==================EDGES=====================
(44, 163) -> (44, 13)
(44, 13) -> (56, 36)
(56, 36) -> (80, 206)
(80, 206) -> (126, 147)
(126, 147) -> (173, 190)
(173, 190) -> (272, 117)
(272, 117) -> (313, 53)
(313, 53) -> (377, 9)
(377, 9) -> (444, 105)
(444, 105) -> (459, 66)
(459, 66) -> (464, 121)
(464, 121) -> (490, 3)
(490, 3) -> (508, 135)
(508, 135) -> (534, 178)
(534, 178) -> (601, 62)
(601, 62) -> (726, 93)
(726, 93) -> (766, 77)
(766, 77) -> (782, 183)
(782, 183) -> (817, 157)
(817, 157) -> (891, 14)
(891, 14) -> (914, 37)
(914, 37) -> (954, 174)
(954, 174) -> (1017, 109)
(1017, 109) -> (1096, 163)
(1096, 163) -> (1144, 91)
(1144, 91) -> (1199, 43)
(1199, 43) -> (1220, 60)
(1220, 60) -> (1220, 151)
(1220, 151) -> (1254, 87)
(1254, 87) -> (1332, 34)
(1332, 34) -> (1387, 42)
(1387, 42) -> (1519, 235)
(1519, 235) -> (1559, 127)
(1559, 127) -> (1656, 86)
(1656, 86) -> (1670, 130)
(1670, 130) -> (1711, 46)
(1711, 46) -> (1768, 296)
(44, 163) -> (55, 38)
(55, 38) -> (58, 173)
(58, 173) -> (64, 210)
(64, 210) -> (67, 226)
(67, 226) -> (100, 214)
(100, 214) -> (106, 322)
(106, 322) -> (149, 180)
(149, 180) -> (186, 228)
(186, 228) -> (232, 156)
(232, 156) -> (279, 286)
(279, 286) -> (315, 227)
(315, 227) -> (372, 313)
(372, 313) -> (379, 282)
(379, 282) -> (381, 154)
(381, 154) -> (409, 222)
(409, 222) -> (470, 123)
(470, 123) -> (514, 149)
(514, 149) -> (517, 225)
(517, 225) -> (550, 197)
(550, 197) -> (608, 93)
(608, 93) -> (633, 120)
(633, 120) -> (654, 284)
(654, 284) -> (682, 187)
(682, 187) -> (763, 131)
(763, 131) -> (770, 146)
(770, 146) -> (772, 207)
(772, 207) -> (779, 188)
(779, 188) -> (787, 244)
(787, 244) -> (811, 186)
(811, 186) -> (848, 117)
(848, 117) -> (864, 149)
(864, 149) -> (886, 136)
(886, 136) -> (891, 180)
(891, 180) -> (951, 329)
(951, 329) -> (990, 200)
(990, 200) -> (1008, 183)
(1008, 183) -> (1038, 310)
(1038, 310) -> (1071, 175)
(1071, 175) -> (1088, 295)
(1088, 295) -> (1164, 76)
(1164, 76) -> (1179, 67)
(1179, 67) -> (1209, 106)
(1209, 106) -> (1219, 353)
(1219, 353) -> (1288, 167)
(1288, 167) -> (1311, 141)
(1311, 141) -> (1312, 98)
(1312, 98) -> (1323, 55)
(1323, 55) -> (1358, 186)
(1358, 186) -> (1363, 78)
(1363, 78) -> (1395, 84)
(1395, 84) -> (1418, 145)
(1418, 145) -> (1436, 190)
(1436, 190) -> (1465, 348)
(1465, 348) -> (1490, 239)
(1490, 239) -> (1550, 288)
(1550, 288) -> (1568, 253)
(1568, 253) -> (1627, 103)
(1627, 103) -> (1641, 247)
(1641, 247) -> (1665, 288)
(1665, 288) -> (1671, 154)
(1671, 154) -> (1716, 132)
(1716, 132) -> (1735, 203)
(1735, 203) -> (1768, 296)
