Vertices: 100
Top chain length: 47
Bottom chain length: 53
=============TOP CHAIN VERTICES=============
0: (45, 18)
1: (45, 12)
6: (65, 357)
7: (131, 127)
8: (151, 122)
10: (166, 90)
12: (201, 8)
16: (244, 233)
18: (272, 195)
19: (323, 132)
21: (392, 297)
25: (456, 22)
29: (539, 218)
31: (570, 63)
35: (630, 37)
39: (673, 205)
41: (734, 17)
44: (789, 7)
46: (833, 73)
48: (872, 170)
51: (911, 169)
55: (959, 50)
57: (986, 180)
61: (1061, 114)
62: (1091, 122)
63: (1117, 166)
66: (1188, 49)
67: (1199, 107)
69: (1243, 103)
72: (1356, 53)
74: (1403, 154)
75: (1405, 78)
76: (1409, 142)
78: (1435, 8)
79: (1447, 45)
80: (1449, 67)
82: (1482, 71)
83: (1482, 25)
86: (1537, 167)
87: (1550, 90)
89: (1565, 15)
91: (1598, 64)
92: (1668, 148)
93: (1669, 90)
95: (1706, 96)
97: (1721, 96)
98: (1730, 14)
===========BOTTOM CHAIN VERTICES============
2: (47, 94)
3: (51, 193)
4: (55, 249)
5: (56, 385)
9: (164, 223)
11: (186, 306)
13: (209, 67)
14: (228, 195)
15: (237, 222)
17: (257, 323)
20: (349, 441)
22: (403, 265)
23: (441, 258)
24: (446, 265)
26: (464, 228)
27: (474, 92)
28: (517, 272)
30: (542, 277)
32: (571, 233)
33: (614, 137)
34: (628, 103)
36: (636, 74)
37: (649, 236)
38: (653, 302)
40: (701, 125)
42: (746, 264)
43: (782, 196)
45: (821, 68)
47: (836, 92)
49: (891, 278)
50: (898, 251)
52: (915, 232)
53: (947, 161)
54: (957, 138)
56: (971, 283)
58: (999, 201)
59: (1023, 202)
60: (1032, 169)
64: (1118, 239)
65: (1184, 234)
68: (1232, 136)
70: (1285, 126)
71: (1325, 121)
73: (1360, 168)
77: (1428, 204)
81: (1475, 146)
84: (1489, 319)
85: (1511, 189)
88: (1562, 289)
90: (1578, 156)
94: (1672, 231)
96: (1712, 146)
99: (1749, 179)
==================EDGES=====================
(45, 18) -> (45, 12)
(45, 12) -> (65, 357)
(65, 357) -> (131, 127)
(131, 127) -> (151, 122)
(151, 122) -> (166, 90)
(166, 90) -> (201, 8)
(201, 8) -> (244, 233)
(244, 233) -> (272, 195)
(272, 195) -> (323, 132)
(323, 132) -> (392, 297)
(392, 297) -> (456, 22)
(456, 22) -> (539, 218)
(539, 218) -> (570, 63)
(570, 63) -> (630, 37)
(630, 37) -> (673, 205)
(673, 205) -> (734, 17)
(734, 17) -> (789, 7)
(789, 7) -> (833, 73)
(833, 73) -> (872, 170)
(872, 170) -> (911, 169)
(911, 169) -> (959, 50)
(959, 50) -> (986, 180)
(986, 180) -> (1061, 114)
(1061, 114) -> (1091, 122)
(1091, 122) -> (1117, 166)
(1117, 166) -> (1188, 49)
(1188, 49) -> (1199, 107)
(1199, 107) -> (1243, 103)
(1243, 103) -> (1356, 53)
(1356, 53) -> (1403, 154)
(1403, 154) -> (1405, 78)
(1405, 78) -> (1409, 142)
(1409, 142) -> (1435, 8)
(1435, 8) -> (1447, 45)
(1447, 45) -> (1449, 67)
(1449, 67) -> (1482, 71)
(1482, 71) -> (1482, 25)
(1482, 25) -> (1537, 167)
(1537, 167) -> (1550, 90)
(1550, 90) -> (1565, 15)
(1565, 15) -> (1598, 64)
(1598, 64) -> (1668, 148)
(1668, 148) -> (1669, 90)
(1669, 90) -> (1706, 96)
(1706, 96) -> (1721, 96)
(1721, 96) -> (1730, 14)
(45, 18) -> (47, 94)
(47, 94) -> (51, 193)
(51, 193) -> (55, 249)
(55, 249) -> (56, 385)
(56, 385) -> (164, 223)
(164, 223) -> (186, 306)
(186, 306) -> (209, 67)
(209, 67) -> (228, 195)
(228, 195) -> (237, 222)
(237, 222) -> (257, 323)
(257, 323) -> (349, 441)
(349, 441) -> (403, 265)
(403, 265) -> (441, 258)
(441, 258) -> (446, 265)
(446, 265) -> (464, 228)
(464, 228) -> (474, 92)
(474, 92) -> (517, 272)
(517, 272) -> (542, 277)
(542, 277) -> (571, 233)
(571, 233) -> (614, 137)
(614, 137) -> (628, 103)
(628, 103) -> (636, 74)
(636, 74) -> (649, 236)
(649, 236) -> (653, 302)
(653, 302) -> (701, 125)
(701, 125) -> (746, 264)
(746, 264) -> (782, 196)
(782, 196) -> (821, 68)
(821, 68) -> (836, 92)
(836, 92) -> (891, 278)
(891, 278) -> (898, 251)
(898, 251) -> (915, 232)
(915, 232) -> (947, 161)
(947, 161) -> (957, 138)
(957, 138) -> (971, 283)
(971, 283) -> (999, 201)
(999, 201) -> (1023, 202)
(1023, 202) -> (1032, 169)
(1032, 169) -> (1118, 239)
(1118, 239) -> (1184, 234)
(1184, 234) -> (1232, 136)
(1232, 136) -> (1285, 126)
(1285, 126) -> (1325, 121)
(1325, 121) -> (1360, 168)
(1360, 168) -> (1428, 204)
(1428, 204) -> (1475, 146)
(1475, 146) -> (1489, 319)
(1489, 319) -> (1511, 189)
(1511, 189) -> (1562, 289)
(1562, 289) -> (1578, 156)
(1578, 156) -> (1672, 231)
(1672, 231) -> (1712, 146)
(1712, 146) -> (1749, 179)
(1749, 179) -> (1730, 14)
