Vertices: 100
Top chain length: 50
Bottom chain length: 50
=============TOP CHAIN VERTICES=============
0: (61, 210)
1: (61, 94)
2: (68, 76)
5: (129, 188)
7: (211, 30)
10: (304, 10)
14: (335, 200)
18: (398, 224)
19: (410, 177)
21: (431, 164)
22: (447, 158)
23: (454, 77)
25: (465, 180)
26: (466, 200)
27: (496, 37)
31: (560, 73)
34: (608, 59)
38: (666, 129)
41: (727, 278)
43: (769, 163)
45: (803, 14)
48: (817, 88)
49: (821, 163)
51: (851, 110)
53: (857, 157)
55: (910, 260)
58: (971, 103)
61: (1001, 20)
62: (1017, 53)
63: (1031, 84)
64: (1039, 119)
68: (1047, 336)
71: (1084, 96)
72: (1097, 209)
78: (1159, 26)
80: (1224, 25)
82: (1261, 128)
83: (1266, 147)
85: (1305, 60)
87: (1315, 37)
88: (1340, 92)
91: (1406, 274)
92: (1505, 83)
93: (1533, 261)
94: (1548, 25)
95: (1580, 12)
96: (1597, 87)
97: (1625, 69)
98: (1631, 213)
99: (1699, 257)
===========BOTTOM CHAIN VERTICES============
3: (79, 138)
4: (93, 282)
6: (147, 240)
8: (222, 249)
9: (233, 213)
11: (308, 45)
12: (318, 277)
13: (321, 136)
15: (357, 366)
16: (371, 398)
17: (378, 238)
20: (415, 343)
24: (460, 193)
28: (507, 338)
29: (510, 322)
30: (542, 284)
32: (569, 185)
33: (577, 108)
35: (630, 459)
36: (644, 144)
37: (656, 186)
39: (699, 212)
40: (702, 294)
42: (748, 296)
44: (802, 68)
46: (804, 82)
47: (814, 264)
50: (827, 204)
52: (855, 290)
54: (876, 309)
56: (940, 320)
57: (948, 332)
59: (985, 263)
60: (995, 63)
65: (1040, 174)
66: (1045, 319)
67: (1046, 316)
69: (1050, 431)
70: (1080, 243)
73: (1113, 263)
74: (1123, 218)
75: (1133, 177)
76: (1140, 218)
77: (1147, 63)
79: (1204, 96)
81: (1250, 169)
84: (1268, 190)
86: (1305, 180)
89: (1360, 167)
90: (1391, 300)
==================EDGES=====================
(61, 210) -> (61, 94)
(61, 94) -> (68, 76)
(68, 76) -> (129, 188)
(129, 188) -> (211, 30)
(211, 30) -> (304, 10)
(304, 10) -> (335, 200)
(335, 200) -> (398, 224)
(398, 224) -> (410, 177)
(410, 177) -> (431, 164)
(431, 164) -> (447, 158)
(447, 158) -> (454, 77)
(454, 77) -> (465, 180)
(465, 180) -> (466, 200)
(466, 200) -> (496, 37)
(496, 37) -> (560, 73)
(560, 73) -> (608, 59)
(608, 59) -> (666, 129)
(666, 129) -> (727, 278)
(727, 278) -> (769, 163)
(769, 163) -> (803, 14)
(803, 14) -> (817, 88)
(817, 88) -> (821, 163)
(821, 163) -> (851, 110)
(851, 110) -> (857, 157)
(857, 157) -> (910, 260)
(910, 260) -> (971, 103)
(971, 103) -> (1001, 20)
(1001, 20) -> (1017, 53)
(1017, 53) -> (1031, 84)
(1031, 84) -> (1039, 119)
(1039, 119) -> (1047, 336)
(1047, 336) -> (1084, 96)
(1084, 96) -> (1097, 209)
(1097, 209) -> (1159, 26)
(1159, 26) -> (1224, 25)
(1224, 25) -> (1261, 128)
(1261, 128) -> (1266, 147)
(1266, 147) -> (1305, 60)
(1305, 60) -> (1315, 37)
(1315, 37) -> (1340, 92)
(1340, 92) -> (1406, 274)
(1406, 274) -> (1505, 83)
(1505, 83) -> (1533, 261)
(1533, 261) -> (1548, 25)
(1548, 25) -> (1580, 12)
(1580, 12) -> (1597, 87)
(1597, 87) -> (1625, 69)
(1625, 69) -> (1631, 213)
(1631, 213) -> (1699, 257)
(61, 210) -> (79, 138)
(79, 138) -> (93, 282)
(93, 282) -> (147, 240)
(147, 240) -> (222, 249)
(222, 249) -> (233, 213)
(233, 213) -> (308, 45)
(308, 45) -> (318, 277)
(318, 277) -> (321, 136)
(321, 136) -> (357, 366)
(357, 366) -> (371, 398)
(371, 398) -> (378, 238)
(378, 238) -> (415, 343)
(415, 343) -> (460, 193)
(460, 193) -> (507, 338)
(507, 338) -> (510, 322)
(510, 322) -> (542, 284)
(542, 284) -> (569, 185)
(569, 185) -> (577, 108)
(577, 108) -> (630, 459)
(630, 459) -> (644, 144)
(644, 144) -> (656, 186)
(656, 186) -> (699, 212)
(699, 212) -> (702, 294)
(702, 294) -> (748, 296)
(748, 296) -> (802, 68)
(802, 68) -> (804, 82)
(804, 82) -> (814, 264)
(814, 264) -> (827, 204)
(827, 204) -> (855, 290)
(855, 290) -> (876, 309)
(876, 309) -> (940, 320)
(940, 320) -> (948, 332)
(948, 332) -> (985, 263)
(985, 263) -> (995, 63)
(995, 63) -> (1040, 174)
(1040, 174) -> (1045, 319)
(1045, 319) -> (1046, 316)
(1046, 316) -> (1050, 431)
(1050, 431) -> (1080, 243)
(1080, 243) -> (1113, 263)
(1113, 263) -> (1123, 218)
(1123, 218) -> (1133, 177)
(1133, 177) -> (1140, 218)
(1140, 218) -> (1147, 63)
(1147, 63) -> (1204, 96)
(1204, 96) -> (1250, 169)
(1250, 169) -> (1268, 190)
(1268, 190) -> (1305, 180)
(1305, 180) -> (1360, 167)
(1360, 167) -> (1391, 300)
(1391, 300) -> (1699, 257)
