Vertices: 50
Top chain length: 22
Bottom chain length: 28
=============TOP CHAIN VERTICES=============
0: (10, 184)
1: (10, 61)
4: (60, 229)
5: (73, 219)
7: (94, 287)
9: (128, 196)
13: (143, 365)
15: (149, 50)
16: (164, 101)
19: (221, 149)
22: (273, 61)
24: (300, 287)
26: (326, 162)
27: (359, 63)
28: (382, 84)
29: (387, 121)
32: (434, 124)
36: (485, 230)
37: (512, 37)
40: (560, 131)
42: (577, 65)
43: (614, 86)
===========BOTTOM CHAIN VERTICES============
2: (17, 275)
3: (33, 172)
6: (87, 355)
8: (124, 275)
10: (128, 268)
11: (130, 238)
12: (141, 354)
14: (146, 383)
17: (209, 208)
18: (210, 168)
20: (252, 233)
21: (260, 164)
23: (283, 317)
25: (305, 316)
30: (398, 168)
31: (406, 179)
33: (437, 245)
34: (453, 420)
35: (473, 297)
38: (513, 87)
39: (545, 127)
41: (569, 201)
44: (618, 183)
45: (621, 178)
46: (647, 135)
47: (678, 56)
48: (685, 53)
49: (697, 10)
==================EDGES=====================
(10, 184) -> (10, 61)
(10, 61) -> (60, 229)
(60, 229) -> (73, 219)
(73, 219) -> (94, 287)
(94, 287) -> (128, 196)
(128, 196) -> (143, 365)
(143, 365) -> (149, 50)
(149, 50) -> (164, 101)
(164, 101) -> (221, 149)
(221, 149) -> (273, 61)
(273, 61) -> (300, 287)
(300, 287) -> (326, 162)
(326, 162) -> (359, 63)
(359, 63) -> (382, 84)
(382, 84) -> (387, 121)
(387, 121) -> (434, 124)
(434, 124) -> (485, 230)
(485, 230) -> (512, 37)
(512, 37) -> (560, 131)
(560, 131) -> (577, 65)
(577, 65) -> (614, 86)
(10, 184) -> (17, 275)
(17, 275) -> (33, 172)
(33, 172) -> (87, 355)
(87, 355) -> (124, 275)
(124, 275) -> (128, 268)
(128, 268) -> (130, 238)
(130, 238) -> (141, 354)
(141, 354) -> (146, 383)
(146, 383) -> (209, 208)
(209, 208) -> (210, 168)
(210, 168) -> (252, 233)
(252, 233) -> (260, 164)
(260, 164) -> (283, 317)
(283, 317) -> (305, 316)
(305, 316) -> (398, 168)
(398, 168) -> (406, 179)
(406, 179) -> (437, 245)
(437, 245) -> (453, 420)
(453, 420) -> (473, 297)
(473, 297) -> (513, 87)
(513, 87) -> (545, 127)
(545, 127) -> (569, 201)
(569, 201) -> (618, 183)
(618, 183) -> (621, 178)
(621, 178) -> (647, 135)
(647, 135) -> (678, 56)
(678, 56) -> (685, 53)
(685, 53) -> (697, 10)
(697, 10) -> (614, 86)
