Vertices: 100
Top chain length: 61
Bottom chain length: 39
=============TOP CHAIN VERTICES=============
0: (6, 77)
1: (6, 66)
2: (30, 129)
5: (88, 303)
7: (100, 49)
10: (142, 167)
13: (179, 182)
16: (185, 287)
17: (196, 64)
18: (226, 211)
19: (243, 12)
20: (244, 138)
23: (285, 111)
25: (294, 217)
26: (314, 61)
27: (356, 41)
28: (358, 55)
31: (437, 63)
33: (456, 40)
36: (473, 49)
38: (496, 127)
40: (531, 226)
42: (579, 117)
44: (620, 148)
46: (672, 177)
48: (697, 174)
51: (714, 6)
52: (716, 250)
54: (757, 128)
57: (766, 195)
58: (770, 179)
59: (777, 9)
62: (802, 125)
64: (820, 201)
65: (824, 119)
66: (824, 13)
68: (843, 100)
71: (880, 156)
73: (934, 41)
74: (968, 104)
76: (991, 108)
78: (1012, 57)
80: (1030, 89)
81: (1044, 461)
83: (1119, 208)
84: (1139, 59)
85: (1181, 18)
86: (1194, 178)
87: (1255, 167)
88: (1264, 132)
89: (1348, 74)
90: (1353, 260)
91: (1392, 21)
92: (1420, 202)
93: (1425, 29)
94: (1426, 2)
95: (1438, 184)
96: (1488, 234)
97: (1491, 28)
98: (1505, 92)
99: (1591, 164)
===========BOTTOM CHAIN VERTICES============
3: (30, 310)
4: (33, 264)
6: (91, 317)
8: (116, 106)
9: (124, 131)
11: (161, 245)
12: (165, 248)
14: (179, 261)
15: (181, 421)
21: (266, 191)
22: (272, 176)
24: (286, 230)
29: (424, 130)
30: (427, 128)
32: (452, 121)
34: (462, 98)
35: (466, 141)
37: (483, 111)
39: (522, 321)
41: (570, 197)
43: (597, 274)
45: (634, 192)
47: (679, 292)
49: (706, 181)
50: (707, 153)
53: (723, 333)
55: (757, 292)
56: (759, 505)
60: (785, 118)
61: (789, 171)
63: (815, 245)
67: (831, 195)
69: (863, 159)
70: (875, 167)
72: (909, 159)
75: (980, 135)
77: (997, 167)
79: (1028, 219)
82: (1052, 633)
==================EDGES=====================
(6, 77) -> (6, 66)
(6, 66) -> (30, 129)
(30, 129) -> (88, 303)
(88, 303) -> (100, 49)
(100, 49) -> (142, 167)
(142, 167) -> (179, 182)
(179, 182) -> (185, 287)
(185, 287) -> (196, 64)
(196, 64) -> (226, 211)
(226, 211) -> (243, 12)
(243, 12) -> (244, 138)
(244, 138) -> (285, 111)
(285, 111) -> (294, 217)
(294, 217) -> (314, 61)
(314, 61) -> (356, 41)
(356, 41) -> (358, 55)
(358, 55) -> (437, 63)
(437, 63) -> (456, 40)
(456, 40) -> (473, 49)
(473, 49) -> (496, 127)
(496, 127) -> (531, 226)
(531, 226) -> (579, 117)
(579, 117) -> (620, 148)
(620, 148) -> (672, 177)
(672, 177) -> (697, 174)
(697, 174) -> (714, 6)
(714, 6) -> (716, 250)
(716, 250) -> (757, 128)
(757, 128) -> (766, 195)
(766, 195) -> (770, 179)
(770, 179) -> (777, 9)
(777, 9) -> (802, 125)
(802, 125) -> (820, 201)
(820, 201) -> (824, 119)
(824, 119) -> (824, 13)
(824, 13) -> (843, 100)
(843, 100) -> (880, 156)
(880, 156) -> (934, 41)
(934, 41) -> (968, 104)
(968, 104) -> (991, 108)
(991, 108) -> (1012, 57)
(1012, 57) -> (1030, 89)
(1030, 89) -> (1044, 461)
(1044, 461) -> (1119, 208)
(1119, 208) -> (1139, 59)
(1139, 59) -> (1181, 18)
(1181, 18) -> (1194, 178)
(1194, 178) -> (1255, 167)
(1255, 167) -> (1264, 132)
(1264, 132) -> (1348, 74)
(1348, 74) -> (1353, 260)
(1353, 260) -> (1392, 21)
(1392, 21) -> (1420, 202)
(1420, 202) -> (1425, 29)
(1425, 29) -> (1426, 2)
(1426, 2) -> (1438, 184)
(1438, 184) -> (1488, 234)
(1488, 234) -> (1491, 28)
(1491, 28) -> (1505, 92)
(1505, 92) -> (1591, 164)
(6, 77) -> (30, 310)
(30, 310) -> (33, 264)
(33, 264) -> (91, 317)
(91, 317) -> (116, 106)
(116, 106) -> (124, 131)
(124, 131) -> (161, 245)
(161, 245) -> (165, 248)
(165, 248) -> (179, 261)
(179, 261) -> (181, 421)
(181, 421) -> (266, 191)
(266, 191) -> (272, 176)
(272, 176) -> (286, 230)
(286, 230) -> (424, 130)
(424, 130) -> (427, 128)
(427, 128) -> (452, 121)
(452, 121) -> (462, 98)
(462, 98) -> (466, 141)
(466, 141) -> (483, 111)
(483, 111) -> (522, 321)
(522, 321) -> (570, 197)
(570, 197) -> (597, 274)
(597, 274) -> (634, 192)
(634, 192) -> (679, 292)
(679, 292) -> (706, 181)
(706, 181) -> (707, 153)
(707, 153) -> (723, 333)
(723, 333) -> (757, 292)
(757, 292) -> (759, 505)
(759, 505) -> (785, 118)
(785, 118) -> (789, 171)
(789, 171) -> (815, 245)
(815, 245) -> (831, 195)
(831, 195) -> (863, 159)
(863, 159) -> (875, 167)
(875, 167) -> (909, 159)
(909, 159) -> (980, 135)
(980, 135) -> (997, 167)
(997, 167) -> (1028, 219)
(1028, 219) -> (1052, 633)
(1052, 633) -> (1591, 164)
