Vertices: 100
Top chain length: 61
Bottom chain length: 39
=============TOP CHAIN VERTICES=============
0: (10, 31)
1: (10, 14)
3: (32, 105)
5: (88, 96)
8: (118, 60)
10: (131, 189)
11: (142, 141)
13: (177, 83)
14: (199, 94)
15: (214, 30)
18: (260, 74)
20: (306, 73)
22: (326, 151)
25: (360, 127)
26: (394, 292)
28: (414, 120)
29: (419, 78)
30: (425, 15)
32: (429, 68)
33: (438, 136)
35: (450, 96)
36: (454, 197)
40: (523, 30)
41: (525, 147)
44: (594, 58)
48: (643, 135)
51: (731, 25)
54: (768, 226)
55: (782, 29)
57: (841, 2)
62: (879, 10)
64: (890, 146)
68: (932, 90)
71: (970, 137)
72: (999, 193)
74: (1016, 152)
75: (1055, 57)
76: (1114, 187)
77: (1116, 99)
78: (1119, 80)
79: (1123, 161)
80: (1149, 31)
81: (1205, 248)
82: (1229, 110)
83: (1232, 28)
84: (1249, 24)
85: (1311, 63)
86: (1323, 58)
87: (1367, 52)
88: (1391, 282)
89: (1411, 26)
90: (1455, 99)
91: (1469, 264)
92: (1486, 22)
93: (1491, 188)
94: (1508, 50)
95: (1552, 7)
96: (1604, 97)
97: (1670, 158)
98: (1679, 316)
99: (1706, 328)
===========BOTTOM CHAIN VERTICES============
2: (15, 151)
4: (76, 148)
6: (98, 147)
7: (114, 135)
9: (125, 150)
12: (149, 377)
16: (238, 147)
17: (247, 266)
19: (285, 179)
21: (323, 150)
23: (341, 234)
24: (354, 184)
27: (404, 406)
31: (426, 229)
34: (440, 231)
37: (474, 207)
38: (481, 264)
39: (513, 242)
42: (544, 160)
43: (583, 250)
45: (623, 190)
46: (627, 298)
47: (634, 208)
49: (697, 125)
50: (726, 153)
52: (743, 97)
53: (766, 320)
56: (823, 92)
58: (848, 273)
59: (851, 54)
60: (856, 24)
61: (868, 54)
63: (881, 301)
65: (893, 199)
66: (895, 189)
67: (912, 224)
69: (938, 151)
70: (942, 176)
73: (1007, 282)
==================EDGES=====================
(10, 31) -> (10, 14)
(10, 14) -> (32, 105)
(32, 105) -> (88, 96)
(88, 96) -> (118, 60)
(118, 60) -> (131, 189)
(131, 189) -> (142, 141)
(142, 141) -> (177, 83)
(177, 83) -> (199, 94)
(199, 94) -> (214, 30)
(214, 30) -> (260, 74)
(260, 74) -> (306, 73)
(306, 73) -> (326, 151)
(326, 151) -> (360, 127)
(360, 127) -> (394, 292)
(394, 292) -> (414, 120)
(414, 120) -> (419, 78)
(419, 78) -> (425, 15)
(425, 15) -> (429, 68)
(429, 68) -> (438, 136)
(438, 136) -> (450, 96)
(450, 96) -> (454, 197)
(454, 197) -> (523, 30)
(523, 30) -> (525, 147)
(525, 147) -> (594, 58)
(594, 58) -> (643, 135)
(643, 135) -> (731, 25)
(731, 25) -> (768, 226)
(768, 226) -> (782, 29)
(782, 29) -> (841, 2)
(841, 2) -> (879, 10)
(879, 10) -> (890, 146)
(890, 146) -> (932, 90)
(932, 90) -> (970, 137)
(970, 137) -> (999, 193)
(999, 193) -> (1016, 152)
(1016, 152) -> (1055, 57)
(1055, 57) -> (1114, 187)
(1114, 187) -> (1116, 99)
(1116, 99) -> (1119, 80)
(1119, 80) -> (1123, 161)
(1123, 161) -> (1149, 31)
(1149, 31) -> (1205, 248)
(1205, 248) -> (1229, 110)
(1229, 110) -> (1232, 28)
(1232, 28) -> (1249, 24)
(1249, 24) -> (1311, 63)
(1311, 63) -> (1323, 58)
(1323, 58) -> (1367, 52)
(1367, 52) -> (1391, 282)
(1391, 282) -> (1411, 26)
(1411, 26) -> (1455, 99)
(1455, 99) -> (1469, 264)
(1469, 264) -> (1486, 22)
(1486, 22) -> (1491, 188)
(1491, 188) -> (1508, 50)
(1508, 50) -> (1552, 7)
(1552, 7) -> (1604, 97)
(1604, 97) -> (1670, 158)
(1670, 158) -> (1679, 316)
(1679, 316) -> (1706, 328)
(10, 31) -> (15, 151)
(15, 151) -> (76, 148)
(76, 148) -> (98, 147)
(98, 147) -> (114, 135)
(114, 135) -> (125, 150)
(125, 150) -> (149, 377)
(149, 377) -> (238, 147)
(238, 147) -> (247, 266)
(247, 266) -> (285, 179)
(285, 179) -> (323, 150)
(323, 150) -> (341, 234)
(341, 234) -> (354, 184)
(354, 184) -> (404, 406)
(404, 406) -> (426, 229)
(426, 229) -> (440, 231)
(440, 231) -> (474, 207)
(474, 207) -> (481, 264)
(481, 264) -> (513, 242)
(513, 242) -> (544, 160)
(544, 160) -> (583, 250)
(583, 250) -> (623, 190)
(623, 190) -> (627, 298)
(627, 298) -> (634, 208)
(634, 208) -> (697, 125)
(697, 125) -> (726, 153)
(726, 153) -> (743, 97)
(743, 97) -> (766, 320)
(766, 320) -> (823, 92)
(823, 92) -> (848, 273)
(848, 273) -> (851, 54)
(851, 54) -> (856, 24)
(856, 24) -> (868, 54)
(868, 54) -> (881, 301)
(881, 301) -> (893, 199)
(893, 199) -> (895, 189)
(895, 189) -> (912, 224)
(912, 224) -> (938, 151)
(938, 151) -> (942, 176)
(942, 176) -> (1007, 282)
(1007, 282) -> (1706, 328)
