Vertices: 50
Top chain length: 21
Bottom chain length: 29
=============TOP CHAIN VERTICES=============
0: (2, 200)
1: (2, 39)
4: (70, 34)
6: (119, 105)
9: (196, 95)
13: (243, 85)
15: (263, 242)
17: (281, 226)
22: (383, 75)
24: (402, 55)
25: (411, 148)
26: (418, 177)
31: (510, 257)
33: (555, 241)
35: (609, 223)
36: (656, 59)
37: (663, 31)
38: (686, 101)
41: (707, 140)
43: (741, 78)
44: (759, 122)
===========BOTTOM CHAIN VERTICES============
2: (7, 119)
3: (20, 341)
5: (76, 128)
7: (135, 158)
8: (161, 135)
10: (200, 133)
11: (225, 175)
12: (235, 135)
14: (253, 176)
16: (265, 392)
18: (328, 216)
19: (350, 164)
20: (363, 137)
21: (382, 163)
23: (401, 171)
27: (460, 223)
28: (465, 268)
29: (467, 228)
30: (477, 326)
32: (527, 400)
34: (602, 251)
39: (688, 200)
40: (698, 179)
42: (726, 197)
45: (782, 96)
46: (796, 218)
47: (856, 104)
48: (860, 65)
49: (861, 1)
==================EDGES=====================
(2, 200) -> (2, 39)
(2, 39) -> (70, 34)
(70, 34) -> (119, 105)
(119, 105) -> (196, 95)
(196, 95) -> (243, 85)
(243, 85) -> (263, 242)
(263, 242) -> (281, 226)
(281, 226) -> (383, 75)
(383, 75) -> (402, 55)
(402, 55) -> (411, 148)
(411, 148) -> (418, 177)
(418, 177) -> (510, 257)
(510, 257) -> (555, 241)
(555, 241) -> (609, 223)
(609, 223) -> (656, 59)
(656, 59) -> (663, 31)
(663, 31) -> (686, 101)
(686, 101) -> (707, 140)
(707, 140) -> (741, 78)
(741, 78) -> (759, 122)
(2, 200) -> (7, 119)
(7, 119) -> (20, 341)
(20, 341) -> (76, 128)
(76, 128) -> (135, 158)
(135, 158) -> (161, 135)
(161, 135) -> (200, 133)
(200, 133) -> (225, 175)
(225, 175) -> (235, 135)
(235, 135) -> (253, 176)
(253, 176) -> (265, 392)
(265, 392) -> (328, 216)
(328, 216) -> (350, 164)
(350, 164) -> (363, 137)
(363, 137) -> (382, 163)
(382, 163) -> (401, 171)
(401, 171) -> (460, 223)
(460, 223) -> (465, 268)
(465, 268) -> (467, 228)
(467, 228) -> (477, 326)
(477, 326) -> (527, 400)
(527, 400) -> (602, 251)
(602, 251) -> (688, 200)
(688, 200) -> (698, 179)
(698, 179) -> (726, 197)
(726, 197) -> (782, 96)
(782, 96) -> (796, 218)
(796, 218) -> (856, 104)
(856, 104) -> (860, 65)
(860, 65) -> (861, 1)
(861, 1) -> (759, 122)
