Vertices: 100
Top chain length: 58
Bottom chain length: 42
=============TOP CHAIN VERTICES=============
0: (35, 5)
1: (35, 4)
2: (44, 72)
3: (53, 162)
5: (76, 66)
7: (118, 3)
9: (123, 29)
12: (134, 172)
14: (154, 261)
15: (155, 91)
17: (181, 216)
19: (204, 14)
22: (281, 135)
23: (284, 83)
24: (293, 33)
26: (314, 142)
27: (352, 89)
31: (407, 40)
33: (452, 55)
34: (453, 9)
39: (507, 312)
41: (525, 184)
43: (556, 35)
47: (609, 198)
49: (653, 91)
54: (691, 315)
55: (692, 77)
57: (737, 336)
59: (752, 215)
60: (774, 4)
63: (800, 172)
65: (815, 123)
67: (853, 15)
68: (880, 15)
70: (946, 53)
72: (984, 10)
75: (1031, 211)
78: (1082, 58)
79: (1084, 159)
80: (1102, 132)
81: (1146, 94)
83: (1187, 374)
84: (1205, 89)
85: (1218, 126)
86: (1235, 296)
87: (1240, 87)
88: (1278, 8)
89: (1301, 17)
90: (1316, 190)
91: (1363, 75)
92: (1395, 169)
93: (1417, 58)
94: (1450, 181)
95: (1520, 117)
96: (1582, 61)
97: (1597, 173)
98: (1646, 74)
99: (1691, 133)
===========BOTTOM CHAIN VERTICES============
4: (57, 301)
6: (117, 213)
8: (122, 31)
10: (126, 253)
11: (128, 134)
13: (139, 299)
16: (177, 213)
18: (194, 298)
20: (235, 96)
21: (242, 199)
25: (299, 152)
28: (364, 151)
29: (368, 150)
30: (373, 177)
32: (433, 74)
35: (478, 184)
36: (484, 195)
37: (485, 206)
38: (490, 221)
40: (510, 412)
42: (539, 144)
44: (556, 74)
45: (578, 197)
46: (587, 254)
48: (643, 254)
50: (664, 183)
51: (673, 306)
52: (679, 327)
53: (683, 315)
56: (726, 341)
58: (748, 407)
61: (778, 93)
62: (795, 272)
64: (800, 269)
66: (850, 114)
69: (933, 157)
71: (951, 88)
73: (988, 123)
74: (1011, 308)
76: (1036, 367)
77: (1056, 231)
82: (1157, 426)
==================EDGES=====================
(35, 5) -> (35, 4)
(35, 4) -> (44, 72)
(44, 72) -> (53, 162)
(53, 162) -> (76, 66)
(76, 66) -> (118, 3)
(118, 3) -> (123, 29)
(123, 29) -> (134, 172)
(134, 172) -> (154, 261)
(154, 261) -> (155, 91)
(155, 91) -> (181, 216)
(181, 216) -> (204, 14)
(204, 14) -> (281, 135)
(281, 135) -> (284, 83)
(284, 83) -> (293, 33)
(293, 33) -> (314, 142)
(314, 142) -> (352, 89)
(352, 89) -> (407, 40)
(407, 40) -> (452, 55)
(452, 55) -> (453, 9)
(453, 9) -> (507, 312)
(507, 312) -> (525, 184)
(525, 184) -> (556, 35)
(556, 35) -> (609, 198)
(609, 198) -> (653, 91)
(653, 91) -> (691, 315)
(691, 315) -> (692, 77)
(692, 77) -> (737, 336)
(737, 336) -> (752, 215)
(752, 215) -> (774, 4)
(774, 4) -> (800, 172)
(800, 172) -> (815, 123)
(815, 123) -> (853, 15)
(853, 15) -> (880, 15)
(880, 15) -> (946, 53)
(946, 53) -> (984, 10)
(984, 10) -> (1031, 211)
(1031, 211) -> (1082, 58)
(1082, 58) -> (1084, 159)
(1084, 159) -> (1102, 132)
(1102, 132) -> (1146, 94)
(1146, 94) -> (1187, 374)
(1187, 374) -> (1205, 89)
(1205, 89) -> (1218, 126)
(1218, 126) -> (1235, 296)
(1235, 296) -> (1240, 87)
(1240, 87) -> (1278, 8)
(1278, 8) -> (1301, 17)
(1301, 17) -> (1316, 190)
(1316, 190) -> (1363, 75)
(1363, 75) -> (1395, 169)
(1395, 169) -> (1417, 58)
(1417, 58) -> (1450, 181)
(1450, 181) -> (1520, 117)
(1520, 117) -> (1582, 61)
(1582, 61) -> (1597, 173)
(1597, 173) -> (1646, 74)
(1646, 74) -> (1691, 133)
(35, 5) -> (57, 301)
(57, 301) -> (117, 213)
(117, 213) -> (122, 31)
(122, 31) -> (126, 253)
(126, 253) -> (128, 134)
(128, 134) -> (139, 299)
(139, 299) -> (177, 213)
(177, 213) -> (194, 298)
(194, 298) -> (235, 96)
(235, 96) -> (242, 199)
(242, 199) -> (299, 152)
(299, 152) -> (364, 151)
(364, 151) -> (368, 150)
(368, 150) -> (373, 177)
(373, 177) -> (433, 74)
(433, 74) -> (478, 184)
(478, 184) -> (484, 195)
(484, 195) -> (485, 206)
(485, 206) -> (490, 221)
(490, 221) -> (510, 412)
(510, 412) -> (539, 144)
(539, 144) -> (556, 74)
(556, 74) -> (578, 197)
(578, 197) -> (587, 254)
(587, 254) -> (643, 254)
(643, 254) -> (664, 183)
(664, 183) -> (673, 306)
(673, 306) -> (679, 327)
(679, 327) -> (683, 315)
(683, 315) -> (726, 341)
(726, 341) -> (748, 407)
(748, 407) -> (778, 93)
(778, 93) -> (795, 272)
(795, 272) -> (800, 269)
(800, 269) -> (850, 114)
(850, 114) -> (933, 157)
(933, 157) -> (951, 88)
(951, 88) -> (988, 123)
(988, 123) -> (1011, 308)
(1011, 308) -> (1036, 367)
(1036, 367) -> (1056, 231)
(1056, 231) -> (1157, 426)
(1157, 426) -> (1691, 133)
