Vertices: 100
Top chain length: 48
Bottom chain length: 52
=============TOP CHAIN VERTICES=============
0: (5, 210)
1: (5, 206)
3: (35, 132)
4: (42, 53)
7: (91, 58)
8: (146, 64)
13: (213, 185)
14: (216, 28)
17: (295, 60)
18: (326, 62)
20: (382, 136)
21: (429, 151)
22: (433, 199)
23: (435, 136)
25: (449, 16)
29: (466, 133)
33: (474, 322)
34: (485, 28)
35: (519, 84)
39: (544, 172)
43: (659, 94)
46: (730, 246)
48: (762, 271)
50: (814, 249)
51: (820, 246)
52: (839, 201)
53: (869, 181)
55: (881, 49)
57: (919, 89)
59: (960, 82)
61: (1006, 97)
64: (1041, 189)
67: (1062, 293)
68: (1118, 200)
69: (1130, 94)
70: (1143, 64)
72: (1223, 81)
75: (1282, 36)
77: (1336, 100)
78: (1355, 240)
82: (1414, 61)
85: (1454, 276)
88: (1497, 55)
90: (1537, 12)
91: (1545, 26)
94: (1613, 46)
96: (1631, 134)
97: (1635, 119)
===========BOTTOM CHAIN VERTICES============
2: (22, 366)
5: (42, 109)
6: (90, 129)
9: (149, 224)
10: (165, 137)
11: (186, 169)
12: (198, 173)
15: (220, 344)
16: (276, 59)
19: (373, 171)
24: (440, 237)
26: (455, 97)
27: (463, 142)
28: (465, 193)
30: (468, 317)
31: (471, 271)
32: (473, 358)
36: (522, 298)
37: (530, 191)
38: (539, 187)
40: (561, 182)
41: (607, 202)
42: (636, 110)
44: (701, 215)
45: (705, 303)
47: (746, 354)
49: (779, 281)
54: (877, 373)
56: (911, 133)
58: (952, 234)
60: (997, 195)
62: (1025, 225)
63: (1034, 199)
65: (1051, 307)
66: (1058, 389)
71: (1158, 291)
73: (1230, 202)
74: (1263, 102)
76: (1298, 128)
79: (1360, 309)
80: (1408, 230)
81: (1413, 94)
83: (1416, 133)
84: (1417, 156)
86: (1455, 359)
87: (1494, 219)
89: (1535, 240)
92: (1566, 93)
93: (1602, 71)
95: (1618, 140)
98: (1635, 137)
99: (1675, 96)
==================EDGES=====================
(5, 210) -> (5, 206)
(5, 206) -> (35, 132)
(35, 132) -> (42, 53)
(42, 53) -> (91, 58)
(91, 58) -> (146, 64)
(146, 64) -> (213, 185)
(213, 185) -> (216, 28)
(216, 28) -> (295, 60)
(295, 60) -> (326, 62)
(326, 62) -> (382, 136)
(382, 136) -> (429, 151)
(429, 151) -> (433, 199)
(433, 199) -> (435, 136)
(435, 136) -> (449, 16)
(449, 16) -> (466, 133)
(466, 133) -> (474, 322)
(474, 322) -> (485, 28)
(485, 28) -> (519, 84)
(519, 84) -> (544, 172)
(544, 172) -> (659, 94)
(659, 94) -> (730, 246)
(730, 246) -> (762, 271)
(762, 271) -> (814, 249)
(814, 249) -> (820, 246)
(820, 246) -> (839, 201)
(839, 201) -> (869, 181)
(869, 181) -> (881, 49)
(881, 49) -> (919, 89)
(919, 89) -> (960, 82)
(960, 82) -> (1006, 97)
(1006, 97) -> (1041, 189)
(1041, 189) -> (1062, 293)
(1062, 293) -> (1118, 200)
(1118, 200) -> (1130, 94)
(1130, 94) -> (1143, 64)
(1143, 64) -> (1223, 81)
(1223, 81) -> (1282, 36)
(1282, 36) -> (1336, 100)
(1336, 100) -> (1355, 240)
(1355, 240) -> (1414, 61)
(1414, 61) -> (1454, 276)
(1454, 276) -> (1497, 55)
(1497, 55) -> (1537, 12)
(1537, 12) -> (1545, 26)
(1545, 26) -> (1613, 46)
(1613, 46) -> (1631, 134)
(1631, 134) -> (1635, 119)
(5, 210) -> (22, 366)
(22, 366) -> (42, 109)
(42, 109) -> (90, 129)
(90, 129) -> (149, 224)
(149, 224) -> (165, 137)
(165, 137) -> (186, 169)
(186, 169) -> (198, 173)
(198, 173) -> (220, 344)
(220, 344) -> (276, 59)
(276, 59) -> (373, 171)
(373, 171) -> (440, 237)
(440, 237) -> (455, 97)
(455, 97) -> (463, 142)
(463, 142) -> (465, 193)
(465, 193) -> (468, 317)
(468, 317) -> (471, 271)
(471, 271) -> (473, 358)
(473, 358) -> (522, 298)
(522, 298) -> (530, 191)
(530, 191) -> (539, 187)
(539, 187) -> (561, 182)
(561, 182) -> (607, 202)
(607, 202) -> (636, 110)
(636, 110) -> (701, 215)
(701, 215) -> (705, 303)
(705, 303) -> (746, 354)
(746, 354) -> (779, 281)
(779, 281) -> (877, 373)
(877, 373) -> (911, 133)
(911, 133) -> (952, 234)
(952, 234) -> (997, 195)
(997, 195) -> (1025, 225)
(1025, 225) -> (1034, 199)
(1034, 199) -> (1051, 307)
(1051, 307) -> (1058, 389)
(1058, 389) -> (1158, 291)
(1158, 291) -> (1230, 202)
(1230, 202) -> (1263, 102)
(1263, 102) -> (1298, 128)
(1298, 128) -> (1360, 309)
(1360, 309) -> (1408, 230)
(1408, 230) -> (1413, 94)
(1413, 94) -> (1416, 133)
(1416, 133) -> (1417, 156)
(1417, 156) -> (1455, 359)
(1455, 359) -> (1494, 219)
(1494, 219) -> (1535, 240)
(1535, 240) -> (1566, 93)
(1566, 93) -> (1602, 71)
(1602, 71) -> (1618, 140)
(1618, 140) -> (1635, 137)
(1635, 137) -> (1675, 96)
(1675, 96) -> (1635, 119)
