Vertices: 100
Top chain length: 51
Bottom chain length: 49
=============TOP CHAIN VERTICES=============
0: (2, 151)
1: (2, 41)
4: (24, 46)
6: (70, 37)
8: (111, 43)
11: (145, 310)
15: (267, 466)
16: (280, 65)
18: (300, 42)
23: (349, 298)
24: (370, 190)
30: (441, 169)
32: (465, 80)
34: (484, 155)
36: (544, 50)
37: (563, 177)
39: (586, 137)
40: (599, 29)
43: (655, 45)
44: (668, 60)
47: (709, 152)
49: (743, 16)
51: (757, 111)
53: (771, 138)
56: (792, 148)
57: (806, 22)
58: (822, 205)
61: (879, 88)
63: (900, 202)
64: (901, 75)
67: (933, 188)
72: (1021, 203)
73: (1058, 13)
75: (1073, 97)
76: (1084, 181)
79: (1121, 62)
81: (1139, 55)
83: (1185, 172)
84: (1202, 61)
86: (1234, 107)
87: (1260, 27)
89: (1302, 70)
91: (1340, 280)
92: (1397, 186)
93: (1433, 273)
94: (1440, 172)
95: (1444, 210)
96: (1469, 96)
97: (1495, 4)
98: (1515, 150)
99: (1532, 117)
===========BOTTOM CHAIN VERTICES============
2: (14, 98)
3: (19, 96)
5: (51, 52)
7: (80, 125)
9: (128, 206)
10: (130, 247)
12: (151, 462)
13: (157, 368)
14: (232, 470)
17: (290, 466)
19: (325, 203)
20: (331, 233)
21: (337, 259)
22: (342, 275)
25: (371, 525)
26: (391, 295)
27: (403, 181)
28: (407, 261)
29: (426, 307)
31: (446, 182)
33: (469, 108)
35: (485, 240)
38: (571, 421)
41: (601, 242)
42: (619, 168)
45: (676, 126)
46: (689, 384)
48: (727, 222)
50: (754, 127)
52: (766, 270)
54: (778, 291)
55: (784, 321)
59: (844, 214)
60: (877, 109)
62: (899, 208)
65: (922, 197)
66: (929, 187)
68: (943, 306)
69: (956, 276)
70: (966, 297)
71: (993, 358)
74: (1063, 227)
77: (1090, 209)
78: (1116, 118)
80: (1123, 304)
82: (1151, 198)
85: (1232, 141)
88: (1260, 251)
90: (1337, 539)
==================EDGES=====================
(2, 151) -> (2, 41)
(2, 41) -> (24, 46)
(24, 46) -> (70, 37)
(70, 37) -> (111, 43)
(111, 43) -> (145, 310)
(145, 310) -> (267, 466)
(267, 466) -> (280, 65)
(280, 65) -> (300, 42)
(300, 42) -> (349, 298)
(349, 298) -> (370, 190)
(370, 190) -> (441, 169)
(441, 169) -> (465, 80)
(465, 80) -> (484, 155)
(484, 155) -> (544, 50)
(544, 50) -> (563, 177)
(563, 177) -> (586, 137)
(586, 137) -> (599, 29)
(599, 29) -> (655, 45)
(655, 45) -> (668, 60)
(668, 60) -> (709, 152)
(709, 152) -> (743, 16)
(743, 16) -> (757, 111)
(757, 111) -> (771, 138)
(771, 138) -> (792, 148)
(792, 148) -> (806, 22)
(806, 22) -> (822, 205)
(822, 205) -> (879, 88)
(879, 88) -> (900, 202)
(900, 202) -> (901, 75)
(901, 75) -> (933, 188)
(933, 188) -> (1021, 203)
(1021, 203) -> (1058, 13)
(1058, 13) -> (1073, 97)
(1073, 97) -> (1084, 181)
(1084, 181) -> (1121, 62)
(1121, 62) -> (1139, 55)
(1139, 55) -> (1185, 172)
(1185, 172) -> (1202, 61)
(1202, 61) -> (1234, 107)
(1234, 107) -> (1260, 27)
(1260, 27) -> (1302, 70)
(1302, 70) -> (1340, 280)
(1340, 280) -> (1397, 186)
(1397, 186) -> (1433, 273)
(1433, 273) -> (1440, 172)
(1440, 172) -> (1444, 210)
(1444, 210) -> (1469, 96)
(1469, 96) -> (1495, 4)
(1495, 4) -> (1515, 150)
(1515, 150) -> (1532, 117)
(2, 151) -> (14, 98)
(14, 98) -> (19, 96)
(19, 96) -> (51, 52)
(51, 52) -> (80, 125)
(80, 125) -> (128, 206)
(128, 206) -> (130, 247)
(130, 247) -> (151, 462)
(151, 462) -> (157, 368)
(157, 368) -> (232, 470)
(232, 470) -> (290, 466)
(290, 466) -> (325, 203)
(325, 203) -> (331, 233)
(331, 233) -> (337, 259)
(337, 259) -> (342, 275)
(342, 275) -> (371, 525)
(371, 525) -> (391, 295)
(391, 295) -> (403, 181)
(403, 181) -> (407, 261)
(407, 261) -> (426, 307)
(426, 307) -> (446, 182)
(446, 182) -> (469, 108)
(469, 108) -> (485, 240)
(485, 240) -> (571, 421)
(571, 421) -> (601, 242)
(601, 242) -> (619, 168)
(619, 168) -> (676, 126)
(676, 126) -> (689, 384)
(689, 384) -> (727, 222)
(727, 222) -> (754, 127)
(754, 127) -> (766, 270)
(766, 270) -> (778, 291)
(778, 291) -> (784, 321)
(784, 321) -> (844, 214)
(844, 214) -> (877, 109)
(877, 109) -> (899, 208)
(899, 208) -> (922, 197)
(922, 197) -> (929, 187)
(929, 187) -> (943, 306)
(943, 306) -> (956, 276)
(956, 276) -> (966, 297)
(966, 297) -> (993, 358)
(993, 358) -> (1063, 227)
(1063, 227) -> (1090, 209)
(1090, 209) -> (1116, 118)
(1116, 118) -> (1123, 304)
(1123, 304) -> (1151, 198)
(1151, 198) -> (1232, 141)
(1232, 141) -> (1260, 251)
(1260, 251) -> (1337, 539)
(1337, 539) -> (1532, 117)
