Vertices: 100
Top chain length: 51
Bottom chain length: 49
=============TOP CHAIN VERTICES=============
0: (74, 87)
1: (74, 1)
2: (78, 207)
6: (123, 84)
7: (129, 4)
10: (153, 145)
12: (164, 201)
15: (216, 20)
19: (277, 59)
21: (292, 15)
24: (323, 130)
26: (339, 52)
27: (364, 11)
29: (416, 93)
31: (438, 198)
32: (444, 37)
37: (485, 260)
38: (515, 37)
42: (543, 250)
45: (644, 167)
47: (658, 94)
49: (678, 83)
51: (700, 113)
54: (734, 304)
56: (748, 124)
61: (794, 233)
63: (801, 296)
64: (802, 122)
65: (811, 54)
66: (827, 92)
69: (854, 270)
70: (881, 376)
72: (924, 15)
73: (935, 89)
76: (950, 258)
77: (951, 23)
78: (978, 159)
79: (1000, 116)
81: (1012, 209)
82: (1043, 261)
85: (1070, 157)
87: (1103, 333)
89: (1125, 7)
92: (1148, 93)
93: (1159, 95)
94: (1194, 155)
95: (1253, 155)
96: (1273, 208)
97: (1292, 14)
98: (1322, 48)
99: (1342, 152)
===========BOTTOM CHAIN VERTICES============
3: (78, 250)
4: (91, 258)
5: (94, 226)
8: (137, 79)
9: (150, 155)
11: (161, 226)
13: (193, 305)
14: (215, 100)
16: (227, 104)
17: (228, 105)
18: (265, 223)
20: (280, 203)
22: (292, 242)
23: (313, 149)
25: (332, 138)
28: (411, 198)
30: (424, 173)
33: (444, 231)
34: (447, 181)
35: (470, 179)
36: (477, 267)
39: (530, 345)
40: (532, 179)
41: (541, 259)
43: (590, 248)
44: (638, 173)
46: (650, 315)
48: (659, 130)
50: (686, 140)
52: (723, 263)
53: (729, 325)
55: (740, 294)
57: (754, 166)
58: (765, 364)
59: (769, 212)
60: (772, 230)
62: (796, 302)
67: (830, 357)
68: (834, 315)
71: (892, 475)
74: (942, 213)
75: (944, 254)
80: (1011, 312)
83: (1058, 292)
84: (1068, 262)
86: (1082, 293)
88: (1113, 368)
90: (1130, 94)
91: (1143, 425)
==================EDGES=====================
(74, 87) -> (74, 1)
(74, 1) -> (78, 207)
(78, 207) -> (123, 84)
(123, 84) -> (129, 4)
(129, 4) -> (153, 145)
(153, 145) -> (164, 201)
(164, 201) -> (216, 20)
(216, 20) -> (277, 59)
(277, 59) -> (292, 15)
(292, 15) -> (323, 130)
(323, 130) -> (339, 52)
(339, 52) -> (364, 11)
(364, 11) -> (416, 93)
(416, 93) -> (438, 198)
(438, 198) -> (444, 37)
(444, 37) -> (485, 260)
(485, 260) -> (515, 37)
(515, 37) -> (543, 250)
(543, 250) -> (644, 167)
(644, 167) -> (658, 94)
(658, 94) -> (678, 83)
(678, 83) -> (700, 113)
(700, 113) -> (734, 304)
(734, 304) -> (748, 124)
(748, 124) -> (794, 233)
(794, 233) -> (801, 296)
(801, 296) -> (802, 122)
(802, 122) -> (811, 54)
(811, 54) -> (827, 92)
(827, 92) -> (854, 270)
(854, 270) -> (881, 376)
(881, 376) -> (924, 15)
(924, 15) -> (935, 89)
(935, 89) -> (950, 258)
(950, 258) -> (951, 23)
(951, 23) -> (978, 159)
(978, 159) -> (1000, 116)
(1000, 116) -> (1012, 209)
(1012, 209) -> (1043, 261)
(1043, 261) -> (1070, 157)
(1070, 157) -> (1103, 333)
(1103, 333) -> (1125, 7)
(1125, 7) -> (1148, 93)
(1148, 93) -> (1159, 95)
(1159, 95) -> (1194, 155)
(1194, 155) -> (1253, 155)
(1253, 155) -> (1273, 208)
(1273, 208) -> (1292, 14)
(1292, 14) -> (1322, 48)
(1322, 48) -> (1342, 152)
(74, 87) -> (78, 250)
(78, 250) -> (91, 258)
(91, 258) -> (94, 226)
(94, 226) -> (137, 79)
(137, 79) -> (150, 155)
(150, 155) -> (161, 226)
(161, 226) -> (193, 305)
(193, 305) -> (215, 100)
(215, 100) -> (227, 104)
(227, 104) -> (228, 105)
(228, 105) -> (265, 223)
(265, 223) -> (280, 203)
(280, 203) -> (292, 242)
(292, 242) -> (313, 149)
(313, 149) -> (332, 138)
(332, 138) -> (411, 198)
(411, 198) -> (424, 173)
(424, 173) -> (444, 231)
(444, 231) -> (447, 181)
(447, 181) -> (470, 179)
(470, 179) -> (477, 267)
(477, 267) -> (530, 345)
(530, 345) -> (532, 179)
(532, 179) -> (541, 259)
(541, 259) -> (590, 248)
(590, 248) -> (638, 173)
(638, 173) -> (650, 315)
(650, 315) -> (659, 130)
(659, 130) -> (686, 140)
(686, 140) -> (723, 263)
(723, 263) -> (729, 325)
(729, 325) -> (740, 294)
(740, 294) -> (754, 166)
(754, 166) -> (765, 364)
(765, 364) -> (769, 212)
(769, 212) -> (772, 230)
(772, 230) -> (796, 302)
(796, 302) -> (830, 357)
(830, 357) -> (834, 315)
(834, 315) -> (892, 475)
(892, 475) -> (942, 213)
(942, 213) -> (944, 254)
(944, 254) -> (1011, 312)
(1011, 312) -> (1058, 292)
(1058, 292) -> (1068, 262)
(1068, 262) -> (1082, 293)
(1082, 293) -> (1113, 368)
(1113, 368) -> (1130, 94)
(1130, 94) -> (1143, 425)
(1143, 425) -> (1342, 152)
