Vertices: 100
Top chain length: 53
Bottom chain length: 47
=============TOP CHAIN VERTICES=============
0: (151, 66)
1: (151, 46)
2: (158, 92)
5: (209, 72)
8: (222, 313)
9: (264, 59)
11: (272, 59)
15: (298, 204)
18: (387, 99)
20: (394, 32)
24: (452, 84)
27: (509, 112)
29: (533, 14)
31: (564, 119)
33: (581, 14)
34: (604, 28)
36: (616, 80)
38: (639, 28)
39: (642, 6)
44: (719, 214)
48: (750, 175)
49: (753, 33)
50: (759, 101)
52: (771, 286)
54: (804, 72)
57: (829, 201)
65: (888, 523)
67: (903, 37)
69: (947, 134)
73: (982, 35)
76: (999, 289)
78: (1032, 19)
79: (1071, 8)
80: (1177, 176)
81: (1199, 4)
82: (1206, 58)
83: (1220, 102)
84: (1262, 56)
85: (1271, 60)
86: (1283, 33)
87: (1302, 109)
88: (1366, 45)
89: (1368, 60)
90: (1430, 24)
91: (1473, 173)
92: (1535, 125)
93: (1631, 148)
94: (1663, 12)
95: (1693, 150)
96: (1712, 54)
97: (1714, 94)
98: (1751, 77)
99: (1797, 216)
===========BOTTOM CHAIN VERTICES============
3: (179, 174)
4: (199, 223)
6: (212, 196)
7: (217, 392)
10: (270, 60)
12: (273, 130)
13: (277, 463)
14: (284, 151)
16: (301, 272)
17: (315, 314)
19: (389, 124)
21: (419, 193)
22: (421, 481)
23: (450, 176)
25: (479, 159)
26: (486, 162)
28: (516, 184)
30: (537, 50)
32: (567, 128)
35: (612, 83)
37: (631, 99)
40: (642, 182)
41: (677, 225)
42: (693, 217)
43: (694, 358)
45: (730, 247)
46: (734, 221)
47: (743, 344)
51: (767, 259)
53: (793, 508)
55: (815, 459)
56: (819, 182)
58: (849, 335)
59: (851, 362)
60: (858, 452)
61: (865, 491)
62: (872, 464)
63: (879, 530)
64: (886, 625)
66: (900, 178)
68: (913, 275)
70: (971, 88)
71: (977, 156)
72: (979, 154)
74: (989, 148)
75: (993, 317)
77: (1014, 290)
==================EDGES=====================
(151, 66) -> (151, 46)
(151, 46) -> (158, 92)
(158, 92) -> (209, 72)
(209, 72) -> (222, 313)
(222, 313) -> (264, 59)
(264, 59) -> (272, 59)
(272, 59) -> (298, 204)
(298, 204) -> (387, 99)
(387, 99) -> (394, 32)
(394, 32) -> (452, 84)
(452, 84) -> (509, 112)
(509, 112) -> (533, 14)
(533, 14) -> (564, 119)
(564, 119) -> (581, 14)
(581, 14) -> (604, 28)
(604, 28) -> (616, 80)
(616, 80) -> (639, 28)
(639, 28) -> (642, 6)
(642, 6) -> (719, 214)
(719, 214) -> (750, 175)
(750, 175) -> (753, 33)
(753, 33) -> (759, 101)
(759, 101) -> (771, 286)
(771, 286) -> (804, 72)
(804, 72) -> (829, 201)
(829, 201) -> (888, 523)
(888, 523) -> (903, 37)
(903, 37) -> (947, 134)
(947, 134) -> (982, 35)
(982, 35) -> (999, 289)
(999, 289) -> (1032, 19)
(1032, 19) -> (1071, 8)
(1071, 8) -> (1177, 176)
(1177, 176) -> (1199, 4)
(1199, 4) -> (1206, 58)
(1206, 58) -> (1220, 102)
(1220, 102) -> (1262, 56)
(1262, 56) -> (1271, 60)
(1271, 60) -> (1283, 33)
(1283, 33) -> (1302, 109)
(1302, 109) -> (1366, 45)
(1366, 45) -> (1368, 60)
(1368, 60) -> (1430, 24)
(1430, 24) -> (1473, 173)
(1473, 173) -> (1535, 125)
(1535, 125) -> (1631, 148)
(1631, 148) -> (1663, 12)
(1663, 12) -> (1693, 150)
(1693, 150) -> (1712, 54)
(1712, 54) -> (1714, 94)
(1714, 94) -> (1751, 77)
(1751, 77) -> (1797, 216)
(151, 66) -> (179, 174)
(179, 174) -> (199, 223)
(199, 223) -> (212, 196)
(212, 196) -> (217, 392)
(217, 392) -> (270, 60)
(270, 60) -> (273, 130)
(273, 130) -> (277, 463)
(277, 463) -> (284, 151)
(284, 151) -> (301, 272)
(301, 272) -> (315, 314)
(315, 314) -> (389, 124)
(389, 124) -> (419, 193)
(419, 193) -> (421, 481)
(421, 481) -> (450, 176)
(450, 176) -> (479, 159)
(479, 159) -> (486, 162)
(486, 162) -> (516, 184)
(516, 184) -> (537, 50)
(537, 50) -> (567, 128)
(567, 128) -> (612, 83)
(612, 83) -> (631, 99)
(631, 99) -> (642, 182)
(642, 182) -> (677, 225)
(677, 225) -> (693, 217)
(693, 217) -> (694, 358)
(694, 358) -> (730, 247)
(730, 247) -> (734, 221)
(734, 221) -> (743, 344)
(743, 344) -> (767, 259)
(767, 259) -> (793, 508)
(793, 508) -> (815, 459)
(815, 459) -> (819, 182)
(819, 182) -> (849, 335)
(849, 335) -> (851, 362)
(851, 362) -> (858, 452)
(858, 452) -> (865, 491)
(865, 491) -> (872, 464)
(872, 464) -> (879, 530)
(879, 530) -> (886, 625)
(886, 625) -> (900, 178)
(900, 178) -> (913, 275)
(913, 275) -> (971, 88)
(971, 88) -> (977, 156)
(977, 156) -> (979, 154)
(979, 154) -> (989, 148)
(989, 148) -> (993, 317)
(993, 317) -> (1014, 290)
(1014, 290) -> (1797, 216)
