Vertices: 100
Top chain length: 23
Bottom chain length: 77
=============TOP CHAIN VERTICES=============
0: (65, 146)
1: (65, 74)
3: (94, 221)
5: (128, 188)
8: (157, 23)
12: (222, 164)
14: (231, 8)
16: (252, 8)
19: (264, 77)
20: (300, 193)
21: (309, 55)
24: (377, 107)
26: (386, 12)
32: (471, 61)
33: (478, 49)
36: (514, 189)
37: (517, 47)
38: (524, 5)
41: (571, 195)
42: (592, 57)
45: (664, 333)
49: (705, 432)
53: (780, 8)
===========BOTTOM CHAIN VERTICES============
2: (89, 227)
4: (96, 233)
6: (135, 338)
7: (156, 173)
9: (167, 62)
10: (182, 127)
11: (198, 187)
13: (222, 286)
15: (240, 44)
17: (252, 118)
18: (262, 120)
22: (329, 256)
23: (349, 205)
25: (383, 199)
27: (396, 106)
28: (425, 184)
29: (447, 109)
30: (453, 116)
31: (465, 85)
34: (481, 245)
35: (507, 205)
39: (559, 201)
40: (567, 223)
43: (614, 223)
44: (636, 377)
46: (688, 437)
47: (690, 415)
48: (694, 411)
50: (717, 460)
51: (757, 141)
52: (772, 158)
54: (837, 59)
55: (863, 71)
56: (893, 121)
57: (979, 104)
58: (1005, 138)
59: (1066, 10)
60: (1088, 64)
61: (1141, 39)
62: (1164, 10)
63: (1170, 80)
64: (1202, 132)
65: (1243, 64)
66: (1255, 154)
67: (1275, 19)
68: (1291, 72)
69: (1315, 223)
70: (1357, 100)
71: (1368, 294)
72: (1373, 34)
73: (1423, 53)
74: (1480, 112)
75: (1582, 87)
76: (1595, 388)
77: (1596, 131)
78: (1610, 61)
79: (1641, 277)
80: (1643, 212)
81: (1664, 276)
82: (1674, 95)
83: (1694, 61)
84: (1733, 295)
85: (1751, 214)
86: (1755, 60)
87: (1768, 57)
88: (1789, 194)
89: (1793, 47)
90: (1853, 105)
91: (1886, 207)
92: (1953, 61)
93: (1961, 120)
94: (2013, 182)
95: (2020, 62)
96: (2066, 172)
97: (2140, 80)
98: (2193, 98)
99: (2209, 0)
==================EDGES=====================
(65, 146) -> (65, 74)
(65, 74) -> (94, 221)
(94, 221) -> (128, 188)
(128, 188) -> (157, 23)
(157, 23) -> (222, 164)
(222, 164) -> (231, 8)
(231, 8) -> (252, 8)
(252, 8) -> (264, 77)
(264, 77) -> (300, 193)
(300, 193) -> (309, 55)
(309, 55) -> (377, 107)
(377, 107) -> (386, 12)
(386, 12) -> (471, 61)
(471, 61) -> (478, 49)
(478, 49) -> (514, 189)
(514, 189) -> (517, 47)
(517, 47) -> (524, 5)
(524, 5) -> (571, 195)
(571, 195) -> (592, 57)
(592, 57) -> (664, 333)
(664, 333) -> (705, 432)
(705, 432) -> (780, 8)
(65, 146) -> (89, 227)
(89, 227) -> (96, 233)
(96, 233) -> (135, 338)
(135, 338) -> (156, 173)
(156, 173) -> (167, 62)
(167, 62) -> (182, 127)
(182, 127) -> (198, 187)
(198, 187) -> (222, 286)
(222, 286) -> (240, 44)
(240, 44) -> (252, 118)
(252, 118) -> (262, 120)
(262, 120) -> (329, 256)
(329, 256) -> (349, 205)
(349, 205) -> (383, 199)
(383, 199) -> (396, 106)
(396, 106) -> (425, 184)
(425, 184) -> (447, 109)
(447, 109) -> (453, 116)
(453, 116) -> (465, 85)
(465, 85) -> (481, 245)
(481, 245) -> (507, 205)
(507, 205) -> (559, 201)
(559, 201) -> (567, 223)
(567, 223) -> (614, 223)
(614, 223) -> (636, 377)
(636, 377) -> (688, 437)
(688, 437) -> (690, 415)
(690, 415) -> (694, 411)
(694, 411) -> (717, 460)
(717, 460) -> (757, 141)
(757, 141) -> (772, 158)
(772, 158) -> (837, 59)
(837, 59) -> (863, 71)
(863, 71) -> (893, 121)
(893, 121) -> (979, 104)
(979, 104) -> (1005, 138)
(1005, 138) -> (1066, 10)
(1066, 10) -> (1088, 64)
(1088, 64) -> (1141, 39)
(1141, 39) -> (1164, 10)
(1164, 10) -> (1170, 80)
(1170, 80) -> (1202, 132)
(1202, 132) -> (1243, 64)
(1243, 64) -> (1255, 154)
(1255, 154) -> (1275, 19)
(1275, 19) -> (1291, 72)
(1291, 72) -> (1315, 223)
(1315, 223) -> (1357, 100)
(1357, 100) -> (1368, 294)
(1368, 294) -> (1373, 34)
(1373, 34) -> (1423, 53)
(1423, 53) -> (1480, 112)
(1480, 112) -> (1582, 87)
(1582, 87) -> (1595, 388)
(1595, 388) -> (1596, 131)
(1596, 131) -> (1610, 61)
(1610, 61) -> (1641, 277)
(1641, 277) -> (1643, 212)
(1643, 212) -> (1664, 276)
(1664, 276) -> (1674, 95)
(1674, 95) -> (1694, 61)
(1694, 61) -> (1733, 295)
(1733, 295) -> (1751, 214)
(1751, 214) -> (1755, 60)
(1755, 60) -> (1768, 57)
(1768, 57) -> (1789, 194)
(1789, 194) -> (1793, 47)
(1793, 47) -> (1853, 105)
(1853, 105) -> (1886, 207)
(1886, 207) -> (1953, 61)
(1953, 61) -> (1961, 120)
(1961, 120) -> (2013, 182)
(2013, 182) -> (2020, 62)
(2020, 62) -> (2066, 172)
(2066, 172) -> (2140, 80)
(2140, 80) -> (2193, 98)
(2193, 98) -> (2209, 0)
(2209, 0) -> (780, 8)
