Vertices: 50
Top chain length: 22
Bottom chain length: 28
=============TOP CHAIN VERTICES=============
0: (14, 121)
1: (14, 57)
2: (33, 78)
3: (33, 134)
4: (35, 50)
7: (122, 177)
9: (133, 253)
10: (134, 71)
12: (170, 76)
15: (193, 3)
19: (214, 130)
25: (262, 217)
27: (263, 419)
28: (302, 56)
32: (340, 24)
35: (369, 167)
36: (379, 68)
37: (381, 63)
39: (455, 13)
40: (462, 17)
43: (486, 135)
44: (509, 1)
===========BOTTOM CHAIN VERTICES============
5: (78, 278)
6: (90, 255)
8: (125, 413)
11: (140, 247)
13: (178, 213)
14: (188, 198)
16: (193, 128)
17: (203, 195)
18: (212, 149)
20: (230, 203)
21: (233, 243)
22: (245, 295)
23: (260, 219)
24: (261, 269)
26: (262, 448)
29: (318, 63)
30: (337, 166)
31: (338, 430)
33: (346, 75)
34: (368, 198)
38: (433, 35)
41: (464, 97)
42: (485, 290)
45: (526, 245)
46: (615, 314)
47: (637, 83)
48: (642, 252)
49: (690, 46)
==================EDGES=====================
(14, 121) -> (14, 57)
(14, 57) -> (33, 78)
(33, 78) -> (33, 134)
(33, 134) -> (35, 50)
(35, 50) -> (122, 177)
(122, 177) -> (133, 253)
(133, 253) -> (134, 71)
(134, 71) -> (170, 76)
(170, 76) -> (193, 3)
(193, 3) -> (214, 130)
(214, 130) -> (262, 217)
(262, 217) -> (263, 419)
(263, 419) -> (302, 56)
(302, 56) -> (340, 24)
(340, 24) -> (369, 167)
(369, 167) -> (379, 68)
(379, 68) -> (381, 63)
(381, 63) -> (455, 13)
(455, 13) -> (462, 17)
(462, 17) -> (486, 135)
(486, 135) -> (509, 1)
(14, 121) -> (78, 278)
(78, 278) -> (90, 255)
(90, 255) -> (125, 413)
(125, 413) -> (140, 247)
(140, 247) -> (178, 213)
(178, 213) -> (188, 198)
(188, 198) -> (193, 128)
(193, 128) -> (203, 195)
(203, 195) -> (212, 149)
(212, 149) -> (230, 203)
(230, 203) -> (233, 243)
(233, 243) -> (245, 295)
(245, 295) -> (260, 219)
(260, 219) -> (261, 269)
(261, 269) -> (262, 448)
(262, 448) -> (318, 63)
(318, 63) -> (337, 166)
(337, 166) -> (338, 430)
(338, 430) -> (346, 75)
(346, 75) -> (368, 198)
(368, 198) -> (433, 35)
(433, 35) -> (464, 97)
(464, 97) -> (485, 290)
(485, 290) -> (526, 245)
(526, 245) -> (615, 314)
(615, 314) -> (637, 83)
(637, 83) -> (642, 252)
(642, 252) -> (690, 46)
(690, 46) -> (509, 1)
