Vertices: 100
Top chain length: 50
Bottom chain length: 50
=============TOP CHAIN VERTICES=============
0: (36, 238)
1: (36, 119)
4: (57, 80)
7: (99, 47)
10: (124, 1)
11: (139, 81)
14: (179, 109)
15: (221, 90)
17: (254, 117)
20: (352, 253)
22: (391, 29)
24: (424, 184)
25: (447, 6)
29: (503, 117)
32: (531, 82)
36: (608, 103)
37: (649, 13)
42: (727, 273)
44: (731, 348)
47: (755, 12)
48: (766, 42)
51: (801, 137)
52: (809, 81)
57: (854, 28)
59: (914, 121)
60: (919, 137)
62: (938, 100)
64: (958, 28)
65: (978, 156)
68: (994, 134)
72: (1070, 44)
73: (1083, 45)
76: (1102, 284)
77: (1147, 33)
81: (1161, 61)
83: (1166, 177)
85: (1226, 263)
86: (1262, 96)
88: (1310, 126)
89: (1350, 28)
90: (1356, 93)
91: (1372, 5)
92: (1389, 111)
93: (1448, 274)
94: (1462, 175)
95: (1467, 69)
96: (1504, 122)
97: (1535, 114)
98: (1588, 122)
99: (1615, 179)
===========BOTTOM CHAIN VERTICES============
2: (44, 265)
3: (45, 105)
5: (80, 125)
6: (97, 83)
8: (101, 50)
9: (117, 209)
12: (141, 161)
13: (172, 107)
16: (251, 157)
18: (265, 216)
19: (269, 149)
21: (371, 325)
23: (403, 140)
26: (477, 352)
27: (478, 106)
28: (486, 130)
30: (505, 212)
31: (528, 288)
33: (545, 145)
34: (584, 199)
35: (601, 145)
38: (685, 198)
39: (688, 449)
40: (718, 357)
41: (720, 287)
43: (727, 345)
45: (740, 517)
46: (751, 171)
49: (786, 99)
50: (797, 143)
53: (813, 245)
54: (815, 92)
55: (825, 347)
56: (849, 140)
58: (902, 106)
61: (936, 264)
63: (950, 197)
66: (980, 216)
67: (983, 374)
69: (1023, 139)
70: (1047, 103)
71: (1068, 160)
74: (1083, 129)
75: (1090, 314)
78: (1147, 252)
79: (1157, 131)
80: (1160, 77)
82: (1163, 217)
84: (1181, 286)
87: (1264, 403)
==================EDGES=====================
(36, 238) -> (36, 119)
(36, 119) -> (57, 80)
(57, 80) -> (99, 47)
(99, 47) -> (124, 1)
(124, 1) -> (139, 81)
(139, 81) -> (179, 109)
(179, 109) -> (221, 90)
(221, 90) -> (254, 117)
(254, 117) -> (352, 253)
(352, 253) -> (391, 29)
(391, 29) -> (424, 184)
(424, 184) -> (447, 6)
(447, 6) -> (503, 117)
(503, 117) -> (531, 82)
(531, 82) -> (608, 103)
(608, 103) -> (649, 13)
(649, 13) -> (727, 273)
(727, 273) -> (731, 348)
(731, 348) -> (755, 12)
(755, 12) -> (766, 42)
(766, 42) -> (801, 137)
(801, 137) -> (809, 81)
(809, 81) -> (854, 28)
(854, 28) -> (914, 121)
(914, 121) -> (919, 137)
(919, 137) -> (938, 100)
(938, 100) -> (958, 28)
(958, 28) -> (978, 156)
(978, 156) -> (994, 134)
(994, 134) -> (1070, 44)
(1070, 44) -> (1083, 45)
(1083, 45) -> (1102, 284)
(1102, 284) -> (1147, 33)
(1147, 33) -> (1161, 61)
(1161, 61) -> (1166, 177)
(1166, 177) -> (1226, 263)
(1226, 263) -> (1262, 96)
(1262, 96) -> (1310, 126)
(1310, 126) -> (1350, 28)
(1350, 28) -> (1356, 93)
(1356, 93) -> (1372, 5)
(1372, 5) -> (1389, 111)
(1389, 111) -> (1448, 274)
(1448, 274) -> (1462, 175)
(1462, 175) -> (1467, 69)
(1467, 69) -> (1504, 122)
(1504, 122) -> (1535, 114)
(1535, 114) -> (1588, 122)
(1588, 122) -> (1615, 179)
(36, 238) -> (44, 265)
(44, 265) -> (45, 105)
(45, 105) -> (80, 125)
(80, 125) -> (97, 83)
(97, 83) -> (101, 50)
(101, 50) -> (117, 209)
(117, 209) -> (141, 161)
(141, 161) -> (172, 107)
(172, 107) -> (251, 157)
(251, 157) -> (265, 216)
(265, 216) -> (269, 149)
(269, 149) -> (371, 325)
(371, 325) -> (403, 140)
(403, 140) -> (477, 352)
(477, 352) -> (478, 106)
(478, 106) -> (486, 130)
(486, 130) -> (505, 212)
(505, 212) -> (528, 288)
(528, 288) -> (545, 145)
(545, 145) -> (584, 199)
(584, 199) -> (601, 145)
(601, 145) -> (685, 198)
(685, 198) -> (688, 449)
(688, 449) -> (718, 357)
(718, 357) -> (720, 287)
(720, 287) -> (727, 345)
(727, 345) -> (740, 517)
(740, 517) -> (751, 171)
(751, 171) -> (786, 99)
(786, 99) -> (797, 143)
(797, 143) -> (813, 245)
(813, 245) -> (815, 92)
(815, 92) -> (825, 347)
(825, 347) -> (849, 140)
(849, 140) -> (902, 106)
(902, 106) -> (936, 264)
(936, 264) -> (950, 197)
(950, 197) -> (980, 216)
(980, 216) -> (983, 374)
(983, 374) -> (1023, 139)
(1023, 139) -> (1047, 103)
(1047, 103) -> (1068, 160)
(1068, 160) -> (1083, 129)
(1083, 129) -> (1090, 314)
(1090, 314) -> (1147, 252)
(1147, 252) -> (1157, 131)
(1157, 131) -> (1160, 77)
(1160, 77) -> (1163, 217)
(1163, 217) -> (1181, 286)
(1181, 286) -> (1264, 403)
(1264, 403) -> (1615, 179)
