Vertices: 50
Top chain length: 31
Bottom chain length: 19
=============TOP CHAIN VERTICES=============
0: (17, 246)
1: (17, 24)
2: (46, 145)
3: (79, 300)
5: (102, 108)
6: (130, 15)
8: (179, 168)
10: (183, 32)
11: (193, 39)
12: (227, 77)
15: (250, 4)
19: (274, 15)
22: (279, 207)
23: (295, 239)
24: (331, 230)
25: (348, 110)
26: (383, 29)
29: (430, 217)
30: (440, 110)
31: (467, 104)
35: (549, 42)
36: (554, 198)
37: (594, 180)
40: (648, 115)
41: (651, 77)
42: (652, 32)
44: (665, 42)
45: (680, 112)
46: (743, 225)
47: (744, 54)
48: (754, 59)
===========BOTTOM CHAIN VERTICES============
4: (85, 359)
7: (136, 56)
9: (181, 374)
13: (241, 194)
14: (247, 202)
16: (260, 134)
17: (271, 66)
18: (273, 259)
20: (274, 95)
21: (278, 256)
27: (386, 320)
28: (419, 299)
32: (501, 81)
33: (520, 119)
34: (542, 210)
38: (605, 207)
39: (625, 229)
43: (658, 207)
49: (760, 290)
==================EDGES=====================
(17, 246) -> (17, 24)
(17, 24) -> (46, 145)
(46, 145) -> (79, 300)
(79, 300) -> (102, 108)
(102, 108) -> (130, 15)
(130, 15) -> (179, 168)
(179, 168) -> (183, 32)
(183, 32) -> (193, 39)
(193, 39) -> (227, 77)
(227, 77) -> (250, 4)
(250, 4) -> (274, 15)
(274, 15) -> (279, 207)
(279, 207) -> (295, 239)
(295, 239) -> (331, 230)
(331, 230) -> (348, 110)
(348, 110) -> (383, 29)
(383, 29) -> (430, 217)
(430, 217) -> (440, 110)
(440, 110) -> (467, 104)
(467, 104) -> (549, 42)
(549, 42) -> (554, 198)
(554, 198) -> (594, 180)
(594, 180) -> (648, 115)
(648, 115) -> (651, 77)
(651, 77) -> (652, 32)
(652, 32) -> (665, 42)
(665, 42) -> (680, 112)
(680, 112) -> (743, 225)
(743, 225) -> (744, 54)
(744, 54) -> (754, 59)
(17, 246) -> (85, 359)
(85, 359) -> (136, 56)
(136, 56) -> (181, 374)
(181, 374) -> (241, 194)
(241, 194) -> (247, 202)
(247, 202) -> (260, 134)
(260, 134) -> (271, 66)
(271, 66) -> (273, 259)
(273, 259) -> (274, 95)
(274, 95) -> (278, 256)
(278, 256) -> (386, 320)
(386, 320) -> (419, 299)
(419, 299) -> (501, 81)
(501, 81) -> (520, 119)
(520, 119) -> (542, 210)
(542, 210) -> (605, 207)
(605, 207) -> (625, 229)
(625, 229) -> (658, 207)
(658, 207) -> (760, 290)
(760, 290) -> (754, 59)
