Vertices: 50
Top chain length: 21
Bottom chain length: 29
=============TOP CHAIN VERTICES=============
0: (27, 177)
1: (27, 41)
2: (36, 120)
3: (47, 41)
5: (117, 52)
9: (169, 389)
11: (206, 153)
12: (226, 75)
15: (263, 82)
18: (270, 206)
20: (298, 213)
21: (311, 96)
22: (316, 37)
24: (345, 267)
26: (349, 125)
27: (366, 160)
28: (377, 58)
31: (443, 178)
33: (477, 407)
35: (501, 120)
36: (510, 27)
===========BOTTOM CHAIN VERTICES============
4: (97, 57)
6: (122, 260)
7: (153, 293)
8: (161, 399)
10: (169, 431)
13: (235, 295)
14: (262, 117)
16: (264, 160)
17: (267, 212)
19: (294, 295)
23: (338, 275)
25: (345, 278)
29: (385, 241)
30: (422, 165)
32: (446, 387)
34: (483, 435)
37: (522, 114)
38: (563, 121)
39: (617, 142)
40: (713, 24)
41: (739, 82)
42: (778, 59)
43: (802, 62)
44: (810, 39)
45: (824, 118)
46: (841, 126)
47: (858, 257)
48: (873, 215)
49: (888, 18)
==================EDGES=====================
(27, 177) -> (27, 41)
(27, 41) -> (36, 120)
(36, 120) -> (47, 41)
(47, 41) -> (117, 52)
(117, 52) -> (169, 389)
(169, 389) -> (206, 153)
(206, 153) -> (226, 75)
(226, 75) -> (263, 82)
(263, 82) -> (270, 206)
(270, 206) -> (298, 213)
(298, 213) -> (311, 96)
(311, 96) -> (316, 37)
(316, 37) -> (345, 267)
(345, 267) -> (349, 125)
(349, 125) -> (366, 160)
(366, 160) -> (377, 58)
(377, 58) -> (443, 178)
(443, 178) -> (477, 407)
(477, 407) -> (501, 120)
(501, 120) -> (510, 27)
(27, 177) -> (97, 57)
(97, 57) -> (122, 260)
(122, 260) -> (153, 293)
(153, 293) -> (161, 399)
(161, 399) -> (169, 431)
(169, 431) -> (235, 295)
(235, 295) -> (262, 117)
(262, 117) -> (264, 160)
(264, 160) -> (267, 212)
(267, 212) -> (294, 295)
(294, 295) -> (338, 275)
(338, 275) -> (345, 278)
(345, 278) -> (385, 241)
(385, 241) -> (422, 165)
(422, 165) -> (446, 387)
(446, 387) -> (483, 435)
(483, 435) -> (522, 114)
(522, 114) -> (563, 121)
(563, 121) -> (617, 142)
(617, 142) -> (713, 24)
(713, 24) -> (739, 82)
(739, 82) -> (778, 59)
(778, 59) -> (802, 62)
(802, 62) -> (810, 39)
(810, 39) -> (824, 118)
(824, 118) -> (841, 126)
(841, 126) -> (858, 257)
(858, 257) -> (873, 215)
(873, 215) -> (888, 18)
(888, 18) -> (510, 27)
