Vertices: 50
Top chain length: 23
Bottom chain length: 27
=============TOP CHAIN VERTICES=============
0: (9, 192)
1: (9, 24)
2: (19, 145)
4: (54, 45)
6: (95, 45)
11: (145, 12)
15: (254, 184)
17: (284, 312)
21: (358, 15)
22: (372, 15)
24: (406, 101)
27: (467, 68)
29: (518, 94)
32: (602, 115)
33: (615, 15)
34: (626, 67)
35: (634, 113)
39: (712, 191)
40: (723, 100)
42: (745, 122)
43: (771, 59)
45: (813, 129)
47: (832, 96)
===========BOTTOM CHAIN VERTICES============
3: (47, 173)
5: (78, 69)
7: (108, 128)
8: (111, 136)
9: (129, 72)
10: (134, 36)
12: (171, 199)
13: (233, 320)
14: (241, 207)
16: (258, 297)
18: (295, 480)
19: (320, 313)
20: (351, 85)
23: (375, 141)
25: (407, 234)
26: (447, 252)
28: (478, 138)
30: (569, 182)
31: (599, 338)
36: (638, 122)
37: (639, 212)
38: (707, 241)
41: (732, 170)
44: (785, 180)
46: (819, 172)
48: (840, 119)
49: (848, 87)
==================EDGES=====================
(9, 192) -> (9, 24)
(9, 24) -> (19, 145)
(19, 145) -> (54, 45)
(54, 45) -> (95, 45)
(95, 45) -> (145, 12)
(145, 12) -> (254, 184)
(254, 184) -> (284, 312)
(284, 312) -> (358, 15)
(358, 15) -> (372, 15)
(372, 15) -> (406, 101)
(406, 101) -> (467, 68)
(467, 68) -> (518, 94)
(518, 94) -> (602, 115)
(602, 115) -> (615, 15)
(615, 15) -> (626, 67)
(626, 67) -> (634, 113)
(634, 113) -> (712, 191)
(712, 191) -> (723, 100)
(723, 100) -> (745, 122)
(745, 122) -> (771, 59)
(771, 59) -> (813, 129)
(813, 129) -> (832, 96)
(9, 192) -> (47, 173)
(47, 173) -> (78, 69)
(78, 69) -> (108, 128)
(108, 128) -> (111, 136)
(111, 136) -> (129, 72)
(129, 72) -> (134, 36)
(134, 36) -> (171, 199)
(171, 199) -> (233, 320)
(233, 320) -> (241, 207)
(241, 207) -> (258, 297)
(258, 297) -> (295, 480)
(295, 480) -> (320, 313)
(320, 313) -> (351, 85)
(351, 85) -> (375, 141)
(375, 141) -> (407, 234)
(407, 234) -> (447, 252)
(447, 252) -> (478, 138)
(478, 138) -> (569, 182)
(569, 182) -> (599, 338)
(599, 338) -> (638, 122)
(638, 122) -> (639, 212)
(639, 212) -> (707, 241)
(707, 241) -> (732, 170)
(732, 170) -> (785, 180)
(785, 180) -> (819, 172)
(819, 172) -> (840, 119)
(840, 119) -> (848, 87)
(848, 87) -> (832, 96)
