Vertices: 100
Top chain length: 45
Bottom chain length: 55
=============TOP CHAIN VERTICES=============
0: (27, 42)
1: (27, 14)
2: (53, 73)
3: (88, 132)
6: (117, 182)
7: (123, 284)
9: (135, 113)
14: (228, 3)
16: (255, 210)
19: (304, 181)
22: (321, 81)
23: (321, 87)
25: (330, 128)
28: (355, 47)
31: (391, 297)
32: (397, 154)
35: (425, 144)
41: (512, 86)
45: (533, 253)
46: (537, 7)
48: (580, 130)
51: (633, 39)
54: (657, 127)
55: (665, 83)
56: (668, 16)
57: (676, 244)
58: (691, 126)
61: (726, 58)
63: (754, 165)
64: (803, 26)
68: (850, 115)
69: (880, 55)
74: (981, 251)
75: (995, 107)
79: (1074, 82)
81: (1081, 129)
83: (1169, 190)
85: (1191, 123)
89: (1252, 40)
92: (1280, 46)
93: (1313, 84)
95: (1336, 147)
96: (1341, 114)
98: (1350, 2)
99: (1370, 145)
===========BOTTOM CHAIN VERTICES============
4: (88, 134)
5: (106, 164)
8: (130, 406)
10: (175, 122)
11: (185, 128)
12: (208, 44)
13: (212, 137)
15: (244, 138)
17: (255, 264)
18: (260, 282)
20: (308, 289)
21: (314, 136)
24: (328, 131)
26: (339, 141)
27: (352, 190)
29: (369, 232)
30: (385, 291)
33: (402, 379)
34: (424, 157)
36: (440, 390)
37: (467, 371)
38: (477, 250)
39: (499, 142)
40: (508, 459)
42: (516, 130)
43: (519, 248)
44: (531, 349)
47: (562, 301)
49: (592, 284)
50: (607, 134)
52: (643, 105)
53: (648, 100)
59: (694, 457)
60: (718, 241)
62: (726, 120)
65: (812, 353)
66: (833, 166)
67: (842, 121)
70: (900, 136)
71: (927, 151)
72: (943, 207)
73: (962, 321)
76: (1007, 238)
77: (1008, 244)
78: (1017, 132)
80: (1080, 152)
82: (1134, 172)
84: (1185, 297)
86: (1191, 166)
87: (1195, 392)
88: (1239, 131)
90: (1255, 125)
91: (1264, 138)
94: (1328, 238)
97: (1349, 125)
==================EDGES=====================
(27, 42) -> (27, 14)
(27, 14) -> (53, 73)
(53, 73) -> (88, 132)
(88, 132) -> (117, 182)
(117, 182) -> (123, 284)
(123, 284) -> (135, 113)
(135, 113) -> (228, 3)
(228, 3) -> (255, 210)
(255, 210) -> (304, 181)
(304, 181) -> (321, 81)
(321, 81) -> (321, 87)
(321, 87) -> (330, 128)
(330, 128) -> (355, 47)
(355, 47) -> (391, 297)
(391, 297) -> (397, 154)
(397, 154) -> (425, 144)
(425, 144) -> (512, 86)
(512, 86) -> (533, 253)
(533, 253) -> (537, 7)
(537, 7) -> (580, 130)
(580, 130) -> (633, 39)
(633, 39) -> (657, 127)
(657, 127) -> (665, 83)
(665, 83) -> (668, 16)
(668, 16) -> (676, 244)
(676, 244) -> (691, 126)
(691, 126) -> (726, 58)
(726, 58) -> (754, 165)
(754, 165) -> (803, 26)
(803, 26) -> (850, 115)
(850, 115) -> (880, 55)
(880, 55) -> (981, 251)
(981, 251) -> (995, 107)
(995, 107) -> (1074, 82)
(1074, 82) -> (1081, 129)
(1081, 129) -> (1169, 190)
(1169, 190) -> (1191, 123)
(1191, 123) -> (1252, 40)
(1252, 40) -> (1280, 46)
(1280, 46) -> (1313, 84)
(1313, 84) -> (1336, 147)
(1336, 147) -> (1341, 114)
(1341, 114) -> (1350, 2)
(1350, 2) -> (1370, 145)
(27, 42) -> (88, 134)
(88, 134) -> (106, 164)
(106, 164) -> (130, 406)
(130, 406) -> (175, 122)
(175, 122) -> (185, 128)
(185, 128) -> (208, 44)
(208, 44) -> (212, 137)
(212, 137) -> (244, 138)
(244, 138) -> (255, 264)
(255, 264) -> (260, 282)
(260, 282) -> (308, 289)
(308, 289) -> (314, 136)
(314, 136) -> (328, 131)
(328, 131) -> (339, 141)
(339, 141) -> (352, 190)
(352, 190) -> (369, 232)
(369, 232) -> (385, 291)
(385, 291) -> (402, 379)
(402, 379) -> (424, 157)
(424, 157) -> (440, 390)
(440, 390) -> (467, 371)
(467, 371) -> (477, 250)
(477, 250) -> (499, 142)
(499, 142) -> (508, 459)
(508, 459) -> (516, 130)
(516, 130) -> (519, 248)
(519, 248) -> (531, 349)
(531, 349) -> (562, 301)
(562, 301) -> (592, 284)
(592, 284) -> (607, 134)
(607, 134) -> (643, 105)
(643, 105) -> (648, 100)
(648, 100) -> (694, 457)
(694, 457) -> (718, 241)
(718, 241) -> (726, 120)
(726, 120) -> (812, 353)
(812, 353) -> (833, 166)
(833, 166) -> (842, 121)
(842, 121) -> (900, 136)
(900, 136) -> (927, 151)
(927, 151) -> (943, 207)
(943, 207) -> (962, 321)
(962, 321) -> (1007, 238)
(1007, 238) -> (1008, 244)
(1008, 244) -> (1017, 132)
(1017, 132) -> (1080, 152)
(1080, 152) -> (1134, 172)
(1134, 172) -> (1185, 297)
(1185, 297) -> (1191, 166)
(1191, 166) -> (1195, 392)
(1195, 392) -> (1239, 131)
(1239, 131) -> (1255, 125)
(1255, 125) -> (1264, 138)
(1264, 138) -> (1328, 238)
(1328, 238) -> (1349, 125)
(1349, 125) -> (1370, 145)
