Vertices: 100
Top chain length: 47
Bottom chain length: 53
=============TOP CHAIN VERTICES=============
0: (32, 126)
1: (32, 83)
2: (35, 47)
3: (76, 225)
4: (89, 43)
7: (128, 262)
9: (145, 75)
10: (145, 37)
16: (175, 90)
23: (214, 443)
26: (312, 21)
27: (316, 184)
28: (327, 149)
29: (347, 139)
33: (407, 67)
37: (481, 27)
39: (499, 7)
40: (508, 1)
44: (544, 123)
45: (563, 126)
47: (572, 251)
50: (634, 103)
53: (672, 118)
54: (676, 250)
56: (719, 94)
57: (738, 27)
59: (755, 4)
63: (811, 276)
66: (851, 173)
69: (898, 104)
70: (929, 201)
72: (948, 279)
73: (949, 89)
74: (959, 169)
76: (967, 23)
77: (973, 233)
78: (1003, 155)
80: (1026, 52)
83: (1070, 23)
86: (1111, 105)
89: (1139, 360)
91: (1168, 106)
92: (1173, 237)
94: (1228, 130)
95: (1233, 3)
98: (1345, 124)
99: (1366, 265)
===========BOTTOM CHAIN VERTICES============
5: (95, 276)
6: (115, 248)
8: (131, 365)
11: (150, 108)
12: (161, 94)
13: (170, 157)
14: (171, 138)
15: (174, 158)
17: (188, 226)
18: (191, 286)
19: (193, 267)
20: (197, 293)
21: (199, 389)
22: (203, 388)
24: (217, 465)
25: (299, 166)
30: (354, 304)
31: (389, 243)
32: (394, 106)
34: (419, 139)
35: (423, 130)
36: (468, 41)
38: (486, 40)
41: (511, 100)
42: (525, 115)
43: (533, 376)
46: (566, 170)
48: (572, 324)
49: (595, 518)
51: (643, 143)
52: (660, 126)
55: (680, 447)
58: (754, 139)
60: (758, 314)
61: (771, 101)
62: (797, 263)
64: (834, 321)
65: (850, 182)
67: (872, 160)
68: (889, 244)
71: (934, 284)
75: (962, 337)
79: (1012, 137)
81: (1047, 219)
82: (1051, 103)
84: (1086, 71)
85: (1103, 117)
87: (1132, 346)
88: (1133, 366)
90: (1147, 369)
93: (1214, 204)
96: (1259, 130)
97: (1288, 143)
==================EDGES=====================
(32, 126) -> (32, 83)
(32, 83) -> (35, 47)
(35, 47) -> (76, 225)
(76, 225) -> (89, 43)
(89, 43) -> (128, 262)
(128, 262) -> (145, 75)
(145, 75) -> (145, 37)
(145, 37) -> (175, 90)
(175, 90) -> (214, 443)
(214, 443) -> (312, 21)
(312, 21) -> (316, 184)
(316, 184) -> (327, 149)
(327, 149) -> (347, 139)
(347, 139) -> (407, 67)
(407, 67) -> (481, 27)
(481, 27) -> (499, 7)
(499, 7) -> (508, 1)
(508, 1) -> (544, 123)
(544, 123) -> (563, 126)
(563, 126) -> (572, 251)
(572, 251) -> (634, 103)
(634, 103) -> (672, 118)
(672, 118) -> (676, 250)
(676, 250) -> (719, 94)
(719, 94) -> (738, 27)
(738, 27) -> (755, 4)
(755, 4) -> (811, 276)
(811, 276) -> (851, 173)
(851, 173) -> (898, 104)
(898, 104) -> (929, 201)
(929, 201) -> (948, 279)
(948, 279) -> (949, 89)
(949, 89) -> (959, 169)
(959, 169) -> (967, 23)
(967, 23) -> (973, 233)
(973, 233) -> (1003, 155)
(1003, 155) -> (1026, 52)
(1026, 52) -> (1070, 23)
(1070, 23) -> (1111, 105)
(1111, 105) -> (1139, 360)
(1139, 360) -> (1168, 106)
(1168, 106) -> (1173, 237)
(1173, 237) -> (1228, 130)
(1228, 130) -> (1233, 3)
(1233, 3) -> (1345, 124)
(1345, 124) -> (1366, 265)
(32, 126) -> (95, 276)
(95, 276) -> (115, 248)
(115, 248) -> (131, 365)
(131, 365) -> (150, 108)
(150, 108) -> (161, 94)
(161, 94) -> (170, 157)
(170, 157) -> (171, 138)
(171, 138) -> (174, 158)
(174, 158) -> (188, 226)
(188, 226) -> (191, 286)
(191, 286) -> (193, 267)
(193, 267) -> (197, 293)
(197, 293) -> (199, 389)
(199, 389) -> (203, 388)
(203, 388) -> (217, 465)
(217, 465) -> (299, 166)
(299, 166) -> (354, 304)
(354, 304) -> (389, 243)
(389, 243) -> (394, 106)
(394, 106) -> (419, 139)
(419, 139) -> (423, 130)
(423, 130) -> (468, 41)
(468, 41) -> (486, 40)
(486, 40) -> (511, 100)
(511, 100) -> (525, 115)
(525, 115) -> (533, 376)
(533, 376) -> (566, 170)
(566, 170) -> (572, 324)
(572, 324) -> (595, 518)
(595, 518) -> (643, 143)
(643, 143) -> (660, 126)
(660, 126) -> (680, 447)
(680, 447) -> (754, 139)
(754, 139) -> (758, 314)
(758, 314) -> (771, 101)
(771, 101) -> (797, 263)
(797, 263) -> (834, 321)
(834, 321) -> (850, 182)
(850, 182) -> (872, 160)
(872, 160) -> (889, 244)
(889, 244) -> (934, 284)
(934, 284) -> (962, 337)
(962, 337) -> (1012, 137)
(1012, 137) -> (1047, 219)
(1047, 219) -> (1051, 103)
(1051, 103) -> (1086, 71)
(1086, 71) -> (1103, 117)
(1103, 117) -> (1132, 346)
(1132, 346) -> (1133, 366)
(1133, 366) -> (1147, 369)
(1147, 369) -> (1214, 204)
(1214, 204) -> (1259, 130)
(1259, 130) -> (1288, 143)
(1288, 143) -> (1366, 265)
