Vertices: 50
Top chain length: 16
Bottom chain length: 34
=============TOP CHAIN VERTICES=============
0: (44, 39)
1: (44, 23)
3: (94, 94)
4: (114, 226)
8: (220, 184)
13: (302, 78)
17: (342, 338)
18: (361, 68)
20: (365, 126)
24: (379, 139)
27: (423, 90)
33: (483, 167)
36: (572, 171)
38: (588, 40)
42: (611, 126)
45: (645, 18)
===========BOTTOM CHAIN VERTICES============
2: (86, 83)
5: (131, 446)
6: (181, 208)
7: (189, 304)
9: (238, 288)
10: (256, 147)
11: (281, 176)
12: (289, 150)
14: (313, 197)
15: (315, 213)
16: (341, 432)
19: (361, 99)
21: (365, 174)
22: (375, 207)
23: (377, 195)
25: (379, 186)
26: (401, 188)
28: (428, 193)
29: (450, 258)
30: (459, 183)
31: (467, 270)
32: (469, 357)
34: (523, 219)
35: (541, 280)
37: (585, 198)
39: (594, 121)
40: (602, 130)
41: (604, 107)
43: (630, 244)
44: (643, 148)
46: (667, 72)
47: (731, 237)
48: (739, 271)
49: (809, 107)
==================EDGES=====================
(44, 39) -> (44, 23)
(44, 23) -> (94, 94)
(94, 94) -> (114, 226)
(114, 226) -> (220, 184)
(220, 184) -> (302, 78)
(302, 78) -> (342, 338)
(342, 338) -> (361, 68)
(361, 68) -> (365, 126)
(365, 126) -> (379, 139)
(379, 139) -> (423, 90)
(423, 90) -> (483, 167)
(483, 167) -> (572, 171)
(572, 171) -> (588, 40)
(588, 40) -> (611, 126)
(611, 126) -> (645, 18)
(44, 39) -> (86, 83)
(86, 83) -> (131, 446)
(131, 446) -> (181, 208)
(181, 208) -> (189, 304)
(189, 304) -> (238, 288)
(238, 288) -> (256, 147)
(256, 147) -> (281, 176)
(281, 176) -> (289, 150)
(289, 150) -> (313, 197)
(313, 197) -> (315, 213)
(315, 213) -> (341, 432)
(341, 432) -> (361, 99)
(361, 99) -> (365, 174)
(365, 174) -> (375, 207)
(375, 207) -> (377, 195)
(377, 195) -> (379, 186)
(379, 186) -> (401, 188)
(401, 188) -> (428, 193)
(428, 193) -> (450, 258)
(450, 258) -> (459, 183)
(459, 183) -> (467, 270)
(467, 270) -> (469, 357)
(469, 357) -> (523, 219)
(523, 219) -> (541, 280)
(541, 280) -> (585, 198)
(585, 198) -> (594, 121)
(594, 121) -> (602, 130)
(602, 130) -> (604, 107)
(604, 107) -> (630, 244)
(630, 244) -> (643, 148)
(643, 148) -> (667, 72)
(667, 72) -> (731, 237)
(731, 237) -> (739, 271)
(739, 271) -> (809, 107)
(809, 107) -> (645, 18)
