Vertices: 100
Top chain length: 43
Bottom chain length: 57
=============TOP CHAIN VERTICES=============
0: (37, 217)
1: (37, 69)
2: (59, 75)
4: (80, 31)
5: (103, 54)
8: (108, 54)
9: (126, 116)
11: (163, 75)
13: (217, 194)
15: (227, 174)
16: (229, 2)
17: (236, 147)
19: (282, 32)
21: (307, 96)
26: (346, 267)
28: (373, 45)
31: (414, 23)
33: (479, 37)
37: (501, 24)
42: (563, 232)
43: (580, 70)
48: (652, 153)
49: (663, 159)
51: (726, 124)
55: (790, 214)
58: (857, 83)
60: (864, 171)
65: (928, 278)
67: (959, 146)
70: (1019, 92)
74: (1029, 114)
77: (1036, 210)
79: (1038, 320)
81: (1115, 13)
88: (1151, 282)
89: (1191, 185)
93: (1291, 217)
94: (1348, 84)
95: (1376, 57)
96: (1412, 34)
97: (1415, 92)
98: (1446, 115)
99: (1486, 13)
===========BOTTOM CHAIN VERTICES============
3: (75, 148)
6: (105, 262)
7: (107, 197)
10: (156, 223)
12: (176, 105)
14: (220, 232)
18: (245, 171)
20: (305, 218)
22: (310, 366)
23: (326, 223)
24: (330, 211)
25: (332, 257)
27: (366, 372)
29: (380, 101)
30: (402, 106)
32: (418, 142)
34: (485, 42)
35: (489, 191)
36: (499, 347)
38: (504, 146)
39: (508, 78)
40: (525, 176)
41: (527, 189)
44: (587, 337)
45: (593, 360)
46: (602, 113)
47: (649, 200)
50: (712, 153)
52: (736, 356)
53: (777, 244)
54: (789, 308)
56: (847, 253)
57: (856, 186)
59: (860, 130)
61: (869, 262)
62: (870, 229)
63: (874, 417)
64: (902, 334)
66: (932, 424)
68: (980, 142)
69: (1018, 203)
71: (1021, 141)
72: (1025, 217)
73: (1027, 222)
75: (1031, 166)
76: (1034, 196)
78: (1037, 333)
80: (1087, 238)
82: (1122, 206)
83: (1127, 177)
84: (1130, 158)
85: (1132, 213)
86: (1134, 158)
87: (1150, 409)
90: (1191, 253)
91: (1198, 249)
92: (1273, 596)
==================EDGES=====================
(37, 217) -> (37, 69)
(37, 69) -> (59, 75)
(59, 75) -> (80, 31)
(80, 31) -> (103, 54)
(103, 54) -> (108, 54)
(108, 54) -> (126, 116)
(126, 116) -> (163, 75)
(163, 75) -> (217, 194)
(217, 194) -> (227, 174)
(227, 174) -> (229, 2)
(229, 2) -> (236, 147)
(236, 147) -> (282, 32)
(282, 32) -> (307, 96)
(307, 96) -> (346, 267)
(346, 267) -> (373, 45)
(373, 45) -> (414, 23)
(414, 23) -> (479, 37)
(479, 37) -> (501, 24)
(501, 24) -> (563, 232)
(563, 232) -> (580, 70)
(580, 70) -> (652, 153)
(652, 153) -> (663, 159)
(663, 159) -> (726, 124)
(726, 124) -> (790, 214)
(790, 214) -> (857, 83)
(857, 83) -> (864, 171)
(864, 171) -> (928, 278)
(928, 278) -> (959, 146)
(959, 146) -> (1019, 92)
(1019, 92) -> (1029, 114)
(1029, 114) -> (1036, 210)
(1036, 210) -> (1038, 320)
(1038, 320) -> (1115, 13)
(1115, 13) -> (1151, 282)
(1151, 282) -> (1191, 185)
(1191, 185) -> (1291, 217)
(1291, 217) -> (1348, 84)
(1348, 84) -> (1376, 57)
(1376, 57) -> (1412, 34)
(1412, 34) -> (1415, 92)
(1415, 92) -> (1446, 115)
(1446, 115) -> (1486, 13)
(37, 217) -> (75, 148)
(75, 148) -> (105, 262)
(105, 262) -> (107, 197)
(107, 197) -> (156, 223)
(156, 223) -> (176, 105)
(176, 105) -> (220, 232)
(220, 232) -> (245, 171)
(245, 171) -> (305, 218)
(305, 218) -> (310, 366)
(310, 366) -> (326, 223)
(326, 223) -> (330, 211)
(330, 211) -> (332, 257)
(332, 257) -> (366, 372)
(366, 372) -> (380, 101)
(380, 101) -> (402, 106)
(402, 106) -> (418, 142)
(418, 142) -> (485, 42)
(485, 42) -> (489, 191)
(489, 191) -> (499, 347)
(499, 347) -> (504, 146)
(504, 146) -> (508, 78)
(508, 78) -> (525, 176)
(525, 176) -> (527, 189)
(527, 189) -> (587, 337)
(587, 337) -> (593, 360)
(593, 360) -> (602, 113)
(602, 113) -> (649, 200)
(649, 200) -> (712, 153)
(712, 153) -> (736, 356)
(736, 356) -> (777, 244)
(777, 244) -> (789, 308)
(789, 308) -> (847, 253)
(847, 253) -> (856, 186)
(856, 186) -> (860, 130)
(860, 130) -> (869, 262)
(869, 262) -> (870, 229)
(870, 229) -> (874, 417)
(874, 417) -> (902, 334)
(902, 334) -> (932, 424)
(932, 424) -> (980, 142)
(980, 142) -> (1018, 203)
(1018, 203) -> (1021, 141)
(1021, 141) -> (1025, 217)
(1025, 217) -> (1027, 222)
(1027, 222) -> (1031, 166)
(1031, 166) -> (1034, 196)
(1034, 196) -> (1037, 333)
(1037, 333) -> (1087, 238)
(1087, 238) -> (1122, 206)
(1122, 206) -> (1127, 177)
(1127, 177) -> (1130, 158)
(1130, 158) -> (1132, 213)
(1132, 213) -> (1134, 158)
(1134, 158) -> (1150, 409)
(1150, 409) -> (1191, 253)
(1191, 253) -> (1198, 249)
(1198, 249) -> (1273, 596)
(1273, 596) -> (1486, 13)
