Vertices: 100
Top chain length: 46
Bottom chain length: 54
=============TOP CHAIN VERTICES=============
0: (86, 169)
1: (86, 64)
3: (113, 208)
4: (143, 43)
8: (187, 197)
9: (188, 52)
12: (228, 259)
13: (265, 44)
21: (337, 207)
23: (345, 330)
26: (412, 119)
27: (428, 153)
28: (445, 83)
31: (529, 76)
36: (561, 154)
39: (628, 70)
42: (665, 35)
44: (681, 163)
46: (690, 269)
47: (716, 50)
49: (777, 232)
51: (787, 5)
54: (826, 171)
55: (870, 149)
57: (900, 50)
59: (909, 210)
61: (914, 42)
64: (957, 117)
67: (1031, 333)
68: (1043, 0)
72: (1067, 80)
74: (1083, 309)
77: (1119, 45)
78: (1125, 12)
79: (1134, 28)
81: (1151, 18)
83: (1195, 73)
84: (1207, 15)
86: (1213, 90)
88: (1240, 97)
89: (1271, 163)
92: (1304, 16)
96: (1391, 170)
97: (1428, 150)
98: (1450, 111)
99: (1495, 163)
===========BOTTOM CHAIN VERTICES============
2: (112, 228)
5: (144, 141)
6: (156, 310)
7: (170, 260)
10: (204, 385)
11: (212, 338)
14: (283, 174)
15: (289, 221)
16: (293, 225)
17: (316, 170)
18: (324, 252)
19: (333, 259)
20: (335, 232)
22: (337, 235)
24: (349, 452)
25: (403, 208)
29: (464, 286)
30: (486, 126)
32: (534, 191)
33: (537, 107)
34: (544, 168)
35: (548, 126)
37: (572, 314)
38: (622, 110)
40: (653, 383)
41: (661, 252)
43: (670, 249)
45: (686, 255)
48: (766, 584)
50: (784, 210)
52: (816, 177)
53: (822, 185)
56: (897, 152)
58: (905, 159)
60: (911, 257)
62: (941, 317)
63: (947, 215)
65: (974, 178)
66: (1022, 325)
69: (1050, 367)
70: (1054, 78)
71: (1058, 252)
73: (1079, 267)
75: (1085, 450)
76: (1110, 202)
80: (1136, 173)
82: (1180, 156)
85: (1208, 151)
87: (1215, 265)
90: (1277, 286)
91: (1285, 145)
93: (1313, 311)
94: (1316, 178)
95: (1332, 358)
==================EDGES=====================
(86, 169) -> (86, 64)
(86, 64) -> (113, 208)
(113, 208) -> (143, 43)
(143, 43) -> (187, 197)
(187, 197) -> (188, 52)
(188, 52) -> (228, 259)
(228, 259) -> (265, 44)
(265, 44) -> (337, 207)
(337, 207) -> (345, 330)
(345, 330) -> (412, 119)
(412, 119) -> (428, 153)
(428, 153) -> (445, 83)
(445, 83) -> (529, 76)
(529, 76) -> (561, 154)
(561, 154) -> (628, 70)
(628, 70) -> (665, 35)
(665, 35) -> (681, 163)
(681, 163) -> (690, 269)
(690, 269) -> (716, 50)
(716, 50) -> (777, 232)
(777, 232) -> (787, 5)
(787, 5) -> (826, 171)
(826, 171) -> (870, 149)
(870, 149) -> (900, 50)
(900, 50) -> (909, 210)
(909, 210) -> (914, 42)
(914, 42) -> (957, 117)
(957, 117) -> (1031, 333)
(1031, 333) -> (1043, 0)
(1043, 0) -> (1067, 80)
(1067, 80) -> (1083, 309)
(1083, 309) -> (1119, 45)
(1119, 45) -> (1125, 12)
(1125, 12) -> (1134, 28)
(1134, 28) -> (1151, 18)
(1151, 18) -> (1195, 73)
(1195, 73) -> (1207, 15)
(1207, 15) -> (1213, 90)
(1213, 90) -> (1240, 97)
(1240, 97) -> (1271, 163)
(1271, 163) -> (1304, 16)
(1304, 16) -> (1391, 170)
(1391, 170) -> (1428, 150)
(1428, 150) -> (1450, 111)
(1450, 111) -> (1495, 163)
(86, 169) -> (112, 228)
(112, 228) -> (144, 141)
(144, 141) -> (156, 310)
(156, 310) -> (170, 260)
(170, 260) -> (204, 385)
(204, 385) -> (212, 338)
(212, 338) -> (283, 174)
(283, 174) -> (289, 221)
(289, 221) -> (293, 225)
(293, 225) -> (316, 170)
(316, 170) -> (324, 252)
(324, 252) -> (333, 259)
(333, 259) -> (335, 232)
(335, 232) -> (337, 235)
(337, 235) -> (349, 452)
(349, 452) -> (403, 208)
(403, 208) -> (464, 286)
(464, 286) -> (486, 126)
(486, 126) -> (534, 191)
(534, 191) -> (537, 107)
(537, 107) -> (544, 168)
(544, 168) -> (548, 126)
(548, 126) -> (572, 314)
(572, 314) -> (622, 110)
(622, 110) -> (653, 383)
(653, 383) -> (661, 252)
(661, 252) -> (670, 249)
(670, 249) -> (686, 255)
(686, 255) -> (766, 584)
(766, 584) -> (784, 210)
(784, 210) -> (816, 177)
(816, 177) -> (822, 185)
(822, 185) -> (897, 152)
(897, 152) -> (905, 159)
(905, 159) -> (911, 257)
(911, 257) -> (941, 317)
(941, 317) -> (947, 215)
(947, 215) -> (974, 178)
(974, 178) -> (1022, 325)
(1022, 325) -> (1050, 367)
(1050, 367) -> (1054, 78)
(1054, 78) -> (1058, 252)
(1058, 252) -> (1079, 267)
(1079, 267) -> (1085, 450)
(1085, 450) -> (1110, 202)
(1110, 202) -> (1136, 173)
(1136, 173) -> (1180, 156)
(1180, 156) -> (1208, 151)
(1208, 151) -> (1215, 265)
(1215, 265) -> (1277, 286)
(1277, 286) -> (1285, 145)
(1285, 145) -> (1313, 311)
(1313, 311) -> (1316, 178)
(1316, 178) -> (1332, 358)
(1332, 358) -> (1495, 163)
