Vertices: 100
Top chain length: 38
Bottom chain length: 62
=============TOP CHAIN VERTICES=============
0: (27, 285)
1: (27, 75)
2: (39, 70)
3: (53, 155)
6: (105, 201)
10: (134, 53)
12: (171, 76)
17: (261, 111)
19: (284, 213)
21: (326, 201)
22: (335, 0)
25: (377, 99)
28: (430, 174)
30: (490, 130)
32: (511, 36)
37: (563, 160)
38: (572, 3)
39: (574, 126)
44: (651, 63)
47: (694, 268)
48: (734, 179)
51: (801, 17)
53: (827, 31)
55: (884, 167)
56: (908, 15)
59: (940, 137)
62: (979, 11)
64: (987, 108)
66: (988, 196)
68: (1019, 64)
70: (1032, 43)
72: (1077, 160)
73: (1098, 10)
74: (1102, 17)
81: (1157, 183)
83: (1243, 284)
84: (1244, 22)
85: (1270, 114)
===========BOTTOM CHAIN VERTICES============
4: (65, 190)
5: (83, 205)
7: (108, 425)
8: (131, 264)
9: (133, 181)
11: (145, 150)
13: (206, 91)
14: (228, 117)
15: (233, 114)
16: (256, 126)
18: (262, 199)
20: (303, 317)
23: (339, 168)
24: (370, 195)
26: (387, 199)
27: (419, 293)
29: (457, 229)
31: (506, 146)
33: (511, 43)
34: (519, 162)
35: (537, 140)
36: (542, 188)
40: (580, 214)
41: (613, 126)
42: (634, 166)
43: (637, 208)
45: (654, 330)
46: (679, 406)
49: (768, 306)
50: (784, 145)
52: (814, 46)
54: (881, 220)
57: (908, 19)
58: (918, 263)
60: (942, 169)
61: (974, 98)
63: (981, 139)
65: (987, 238)
67: (1008, 190)
69: (1025, 217)
71: (1043, 251)
75: (1105, 155)
76: (1106, 75)
77: (1127, 128)
78: (1136, 152)
79: (1149, 217)
80: (1153, 298)
82: (1200, 249)
86: (1272, 340)
87: (1327, 143)
88: (1355, 250)
89: (1444, 103)
90: (1452, 77)
91: (1460, 227)
92: (1472, 85)
93: (1523, 175)
94: (1602, 89)
95: (1616, 94)
96: (1652, 244)
97: (1726, 385)
98: (1754, 78)
99: (1780, 6)
==================EDGES=====================
(27, 285) -> (27, 75)
(27, 75) -> (39, 70)
(39, 70) -> (53, 155)
(53, 155) -> (105, 201)
(105, 201) -> (134, 53)
(134, 53) -> (171, 76)
(171, 76) -> (261, 111)
(261, 111) -> (284, 213)
(284, 213) -> (326, 201)
(326, 201) -> (335, 0)
(335, 0) -> (377, 99)
(377, 99) -> (430, 174)
(430, 174) -> (490, 130)
(490, 130) -> (511, 36)
(511, 36) -> (563, 160)
(563, 160) -> (572, 3)
(572, 3) -> (574, 126)
(574, 126) -> (651, 63)
(651, 63) -> (694, 268)
(694, 268) -> (734, 179)
(734, 179) -> (801, 17)
(801, 17) -> (827, 31)
(827, 31) -> (884, 167)
(884, 167) -> (908, 15)
(908, 15) -> (940, 137)
(940, 137) -> (979, 11)
(979, 11) -> (987, 108)
(987, 108) -> (988, 196)
(988, 196) -> (1019, 64)
(1019, 64) -> (1032, 43)
(1032, 43) -> (1077, 160)
(1077, 160) -> (1098, 10)
(1098, 10) -> (1102, 17)
(1102, 17) -> (1157, 183)
(1157, 183) -> (1243, 284)
(1243, 284) -> (1244, 22)
(1244, 22) -> (1270, 114)
(27, 285) -> (65, 190)
(65, 190) -> (83, 205)
(83, 205) -> (108, 425)
(108, 425) -> (131, 264)
(131, 264) -> (133, 181)
(133, 181) -> (145, 150)
(145, 150) -> (206, 91)
(206, 91) -> (228, 117)
(228, 117) -> (233, 114)
(233, 114) -> (256, 126)
(256, 126) -> (262, 199)
(262, 199) -> (303, 317)
(303, 317) -> (339, 168)
(339, 168) -> (370, 195)
(370, 195) -> (387, 199)
(387, 199) -> (419, 293)
(419, 293) -> (457, 229)
(457, 229) -> (506, 146)
(506, 146) -> (511, 43)
(511, 43) -> (519, 162)
(519, 162) -> (537, 140)
(537, 140) -> (542, 188)
(542, 188) -> (580, 214)
(580, 214) -> (613, 126)
(613, 126) -> (634, 166)
(634, 166) -> (637, 208)
(637, 208) -> (654, 330)
(654, 330) -> (679, 406)
(679, 406) -> (768, 306)
(768, 306) -> (784, 145)
(784, 145) -> (814, 46)
(814, 46) -> (881, 220)
(881, 220) -> (908, 19)
(908, 19) -> (918, 263)
(918, 263) -> (942, 169)
(942, 169) -> (974, 98)
(974, 98) -> (981, 139)
(981, 139) -> (987, 238)
(987, 238) -> (1008, 190)
(1008, 190) -> (1025, 217)
(1025, 217) -> (1043, 251)
(1043, 251) -> (1105, 155)
(1105, 155) -> (1106, 75)
(1106, 75) -> (1127, 128)
(1127, 128) -> (1136, 152)
(1136, 152) -> (1149, 217)
(1149, 217) -> (1153, 298)
(1153, 298) -> (1200, 249)
(1200, 249) -> (1272, 340)
(1272, 340) -> (1327, 143)
(1327, 143) -> (1355, 250)
(1355, 250) -> (1444, 103)
(1444, 103) -> (1452, 77)
(1452, 77) -> (1460, 227)
(1460, 227) -> (1472, 85)
(1472, 85) -> (1523, 175)
(1523, 175) -> (1602, 89)
(1602, 89) -> (1616, 94)
(1616, 94) -> (1652, 244)
(1652, 244) -> (1726, 385)
(1726, 385) -> (1754, 78)
(1754, 78) -> (1780, 6)
(1780, 6) -> (1270, 114)
