Vertices: 100
Top chain length: 35
Bottom chain length: 65
=============TOP CHAIN VERTICES=============
0: (50, 309)
1: (50, 83)
3: (117, 172)
6: (174, 275)
8: (223, 32)
9: (240, 4)
13: (253, 170)
14: (253, 289)
18: (304, 117)
20: (360, 208)
24: (418, 148)
25: (432, 84)
28: (491, 117)
29: (511, 78)
31: (549, 53)
33: (553, 17)
36: (576, 343)
38: (597, 24)
41: (617, 289)
44: (655, 162)
48: (691, 29)
53: (714, 389)
55: (749, 177)
56: (765, 127)
58: (779, 51)
59: (799, 17)
63: (814, 135)
66: (865, 134)
69: (881, 293)
71: (908, 55)
73: (952, 88)
74: (953, 12)
77: (1052, 81)
79: (1066, 8)
80: (1093, 36)
===========BOTTOM CHAIN VERTICES============
2: (72, 319)
4: (119, 246)
5: (140, 300)
7: (215, 268)
10: (245, 68)
11: (250, 228)
12: (251, 196)
15: (254, 366)
16: (296, 447)
17: (297, 152)
19: (358, 240)
21: (371, 217)
22: (394, 189)
23: (412, 164)
26: (444, 172)
27: (475, 132)
30: (548, 78)
32: (551, 60)
34: (555, 111)
35: (558, 289)
37: (581, 408)
39: (597, 103)
40: (608, 272)
42: (626, 394)
43: (650, 291)
45: (682, 212)
46: (687, 196)
47: (689, 182)
49: (694, 80)
50: (695, 133)
51: (699, 178)
52: (708, 326)
54: (717, 476)
57: (777, 138)
60: (801, 119)
61: (803, 276)
62: (812, 315)
64: (824, 349)
65: (857, 141)
67: (873, 249)
68: (875, 400)
70: (888, 252)
72: (925, 255)
75: (955, 149)
76: (994, 88)
78: (1065, 85)
81: (1180, 47)
82: (1197, 126)
83: (1205, 148)
84: (1267, 33)
85: (1306, 47)
86: (1352, 88)
87: (1371, 61)
88: (1375, 97)
89: (1380, 100)
90: (1417, 20)
91: (1465, 39)
92: (1486, 135)
93: (1491, 79)
94: (1494, 174)
95: (1538, 34)
96: (1575, 71)
97: (1610, 37)
98: (1646, 61)
99: (1724, 1)
==================EDGES=====================
(50, 309) -> (50, 83)
(50, 83) -> (117, 172)
(117, 172) -> (174, 275)
(174, 275) -> (223, 32)
(223, 32) -> (240, 4)
(240, 4) -> (253, 170)
(253, 170) -> (253, 289)
(253, 289) -> (304, 117)
(304, 117) -> (360, 208)
(360, 208) -> (418, 148)
(418, 148) -> (432, 84)
(432, 84) -> (491, 117)
(491, 117) -> (511, 78)
(511, 78) -> (549, 53)
(549, 53) -> (553, 17)
(553, 17) -> (576, 343)
(576, 343) -> (597, 24)
(597, 24) -> (617, 289)
(617, 289) -> (655, 162)
(655, 162) -> (691, 29)
(691, 29) -> (714, 389)
(714, 389) -> (749, 177)
(749, 177) -> (765, 127)
(765, 127) -> (779, 51)
(779, 51) -> (799, 17)
(799, 17) -> (814, 135)
(814, 135) -> (865, 134)
(865, 134) -> (881, 293)
(881, 293) -> (908, 55)
(908, 55) -> (952, 88)
(952, 88) -> (953, 12)
(953, 12) -> (1052, 81)
(1052, 81) -> (1066, 8)
(1066, 8) -> (1093, 36)
(50, 309) -> (72, 319)
(72, 319) -> (119, 246)
(119, 246) -> (140, 300)
(140, 300) -> (215, 268)
(215, 268) -> (245, 68)
(245, 68) -> (250, 228)
(250, 228) -> (251, 196)
(251, 196) -> (254, 366)
(254, 366) -> (296, 447)
(296, 447) -> (297, 152)
(297, 152) -> (358, 240)
(358, 240) -> (371, 217)
(371, 217) -> (394, 189)
(394, 189) -> (412, 164)
(412, 164) -> (444, 172)
(444, 172) -> (475, 132)
(475, 132) -> (548, 78)
(548, 78) -> (551, 60)
(551, 60) -> (555, 111)
(555, 111) -> (558, 289)
(558, 289) -> (581, 408)
(581, 408) -> (597, 103)
(597, 103) -> (608, 272)
(608, 272) -> (626, 394)
(626, 394) -> (650, 291)
(650, 291) -> (682, 212)
(682, 212) -> (687, 196)
(687, 196) -> (689, 182)
(689, 182) -> (694, 80)
(694, 80) -> (695, 133)
(695, 133) -> (699, 178)
(699, 178) -> (708, 326)
(708, 326) -> (717, 476)
(717, 476) -> (777, 138)
(777, 138) -> (801, 119)
(801, 119) -> (803, 276)
(803, 276) -> (812, 315)
(812, 315) -> (824, 349)
(824, 349) -> (857, 141)
(857, 141) -> (873, 249)
(873, 249) -> (875, 400)
(875, 400) -> (888, 252)
(888, 252) -> (925, 255)
(925, 255) -> (955, 149)
(955, 149) -> (994, 88)
(994, 88) -> (1065, 85)
(1065, 85) -> (1180, 47)
(1180, 47) -> (1197, 126)
(1197, 126) -> (1205, 148)
(1205, 148) -> (1267, 33)
(1267, 33) -> (1306, 47)
(1306, 47) -> (1352, 88)
(1352, 88) -> (1371, 61)
(1371, 61) -> (1375, 97)
(1375, 97) -> (1380, 100)
(1380, 100) -> (1417, 20)
(1417, 20) -> (1465, 39)
(1465, 39) -> (1486, 135)
(1486, 135) -> (1491, 79)
(1491, 79) -> (1494, 174)
(1494, 174) -> (1538, 34)
(1538, 34) -> (1575, 71)
(1575, 71) -> (1610, 37)
(1610, 37) -> (1646, 61)
(1646, 61) -> (1724, 1)
(1724, 1) -> (1093, 36)
