Vertices: 50
Top chain length: 21
Bottom chain length: 29
=============TOP CHAIN VERTICES=============
0: (43, 89)
1: (76, 191)
3: (92, 144)
6: (121, 136)
8: (146, 124)
10: (175, 169)
12: (199, 138)
14: (217, 176)
15: (226, 115)
17: (261, 192)
19: (300, 104)
20: (321, 167)
21: (364, 50)
22: (365, 425)
24: (408, 4)
26: (424, 57)
29: (456, 259)
31: (481, 36)
32: (490, 69)
33: (500, 30)
35: (526, 236)
===========BOTTOM CHAIN VERTICES============
2: (84, 22)
4: (110, 129)
5: (112, 82)
7: (136, 5)
9: (160, 25)
11: (181, 27)
13: (204, 14)
16: (236, 43)
18: (287, 104)
23: (395, 7)
25: (408, 1)
27: (430, 8)
28: (452, 102)
30: (459, 5)
34: (512, 16)
36: (536, 21)
37: (564, 212)
38: (577, 150)
39: (578, 247)
40: (692, 57)
41: (781, 273)
42: (854, 163)
43: (908, 3)
44: (910, 106)
45: (920, 160)
46: (929, 64)
47: (951, 145)
48: (1005, 116)
49: (1011, 374)
==================EDGES=====================
(43, 89) -> (76, 191)
(76, 191) -> (92, 144)
(92, 144) -> (121, 136)
(121, 136) -> (146, 124)
(146, 124) -> (175, 169)
(175, 169) -> (199, 138)
(199, 138) -> (217, 176)
(217, 176) -> (226, 115)
(226, 115) -> (261, 192)
(261, 192) -> (300, 104)
(300, 104) -> (321, 167)
(321, 167) -> (364, 50)
(364, 50) -> (365, 425)
(365, 425) -> (408, 4)
(408, 4) -> (424, 57)
(424, 57) -> (456, 259)
(456, 259) -> (481, 36)
(481, 36) -> (490, 69)
(490, 69) -> (500, 30)
(500, 30) -> (526, 236)
(43, 89) -> (84, 22)
(84, 22) -> (110, 129)
(110, 129) -> (112, 82)
(112, 82) -> (136, 5)
(136, 5) -> (160, 25)
(160, 25) -> (181, 27)
(181, 27) -> (204, 14)
(204, 14) -> (236, 43)
(236, 43) -> (287, 104)
(287, 104) -> (395, 7)
(395, 7) -> (408, 1)
(408, 1) -> (430, 8)
(430, 8) -> (452, 102)
(452, 102) -> (459, 5)
(459, 5) -> (512, 16)
(512, 16) -> (536, 21)
(536, 21) -> (564, 212)
(564, 212) -> (577, 150)
(577, 150) -> (578, 247)
(578, 247) -> (692, 57)
(692, 57) -> (781, 273)
(781, 273) -> (854, 163)
(854, 163) -> (908, 3)
(908, 3) -> (910, 106)
(910, 106) -> (920, 160)
(920, 160) -> (929, 64)
(929, 64) -> (951, 145)
(951, 145) -> (1005, 116)
(1005, 116) -> (1011, 374)
(1011, 374) -> (526, 236)
