Vertices: 100
Top chain length: 38
Bottom chain length: 62
=============TOP CHAIN VERTICES=============
0: (25, 50)
2: (75, 14)
3: (90, 27)
4: (102, 104)
6: (165, 64)
10: (193, 20)
12: (212, 27)
14: (248, 167)
17: (348, 95)
18: (373, 271)
19: (376, 400)
24: (443, 28)
28: (475, 319)
32: (491, 37)
33: (507, 48)
35: (528, 137)
38: (563, 106)
39: (567, 30)
40: (569, 111)
41: (577, 405)
48: (617, 165)
49: (618, 18)
50: (618, 335)
53: (638, 120)
56: (673, 69)
59: (726, 68)
61: (777, 52)
63: (851, 91)
64: (870, 179)
66: (892, 145)
70: (966, 130)
71: (979, 115)
76: (1023, 30)
77: (1032, 22)
78: (1058, 19)
81: (1104, 125)
86: (1119, 17)
88: (1124, 177)
===========BOTTOM CHAIN VERTICES============
1: (58, 10)
5: (145, 2)
7: (178, 28)
8: (185, 23)
9: (192, 20)
11: (209, 13)
13: (232, 41)
15: (262, 41)
16: (304, 17)
20: (404, 63)
21: (408, 17)
22: (420, 26)
23: (438, 7)
25: (450, 45)
26: (468, 120)
27: (469, 21)
29: (483, 158)
30: (487, 68)
31: (489, 37)
34: (512, 3)
36: (542, 28)
37: (544, 4)
42: (579, 23)
43: (591, 247)
44: (594, 147)
45: (600, 186)
46: (611, 173)
47: (616, 130)
51: (618, 12)
52: (636, 64)
54: (651, 8)
55: (660, 44)
57: (679, 24)
58: (721, 9)
60: (762, 11)
62: (793, 52)
65: (882, 66)
67: (928, 22)
68: (929, 1)
69: (964, 31)
72: (983, 6)
73: (985, 93)
74: (999, 68)
75: (1015, 12)
79: (1061, 1)
80: (1098, 23)
82: (1112, 44)
83: (1114, 24)
84: (1116, 31)
85: (1117, 19)
87: (1122, 3)
89: (1150, 32)
90: (1201, 5)
91: (1210, 49)
92: (1239, 59)
93: (1277, 186)
94: (1315, 132)
95: (1326, 162)
96: (1427, 263)
97: (1479, 40)
98: (1485, 410)
99: (1528, 468)
==================EDGES=====================
(25, 50) -> (75, 14)
(75, 14) -> (90, 27)
(90, 27) -> (102, 104)
(102, 104) -> (165, 64)
(165, 64) -> (193, 20)
(193, 20) -> (212, 27)
(212, 27) -> (248, 167)
(248, 167) -> (348, 95)
(348, 95) -> (373, 271)
(373, 271) -> (376, 400)
(376, 400) -> (443, 28)
(443, 28) -> (475, 319)
(475, 319) -> (491, 37)
(491, 37) -> (507, 48)
(507, 48) -> (528, 137)
(528, 137) -> (563, 106)
(563, 106) -> (567, 30)
(567, 30) -> (569, 111)
(569, 111) -> (577, 405)
(577, 405) -> (617, 165)
(617, 165) -> (618, 18)
(618, 18) -> (618, 335)
(618, 335) -> (638, 120)
(638, 120) -> (673, 69)
(673, 69) -> (726, 68)
(726, 68) -> (777, 52)
(777, 52) -> (851, 91)
(851, 91) -> (870, 179)
(870, 179) -> (892, 145)
(892, 145) -> (966, 130)
(966, 130) -> (979, 115)
(979, 115) -> (1023, 30)
(1023, 30) -> (1032, 22)
(1032, 22) -> (1058, 19)
(1058, 19) -> (1104, 125)
(1104, 125) -> (1119, 17)
(1119, 17) -> (1124, 177)
(25, 50) -> (58, 10)
(58, 10) -> (145, 2)
(145, 2) -> (178, 28)
(178, 28) -> (185, 23)
(185, 23) -> (192, 20)
(192, 20) -> (209, 13)
(209, 13) -> (232, 41)
(232, 41) -> (262, 41)
(262, 41) -> (304, 17)
(304, 17) -> (404, 63)
(404, 63) -> (408, 17)
(408, 17) -> (420, 26)
(420, 26) -> (438, 7)
(438, 7) -> (450, 45)
(450, 45) -> (468, 120)
(468, 120) -> (469, 21)
(469, 21) -> (483, 158)
(483, 158) -> (487, 68)
(487, 68) -> (489, 37)
(489, 37) -> (512, 3)
(512, 3) -> (542, 28)
(542, 28) -> (544, 4)
(544, 4) -> (579, 23)
(579, 23) -> (591, 247)
(591, 247) -> (594, 147)
(594, 147) -> (600, 186)
(600, 186) -> (611, 173)
(611, 173) -> (616, 130)
(616, 130) -> (618, 12)
(618, 12) -> (636, 64)
(636, 64) -> (651, 8)
(651, 8) -> (660, 44)
(660, 44) -> (679, 24)
(679, 24) -> (721, 9)
(721, 9) -> (762, 11)
(762, 11) -> (793, 52)
(793, 52) -> (882, 66)
(882, 66) -> (928, 22)
(928, 22) -> (929, 1)
(929, 1) -> (964, 31)
(964, 31) -> (983, 6)
(983, 6) -> (985, 93)
(985, 93) -> (999, 68)
(999, 68) -> (1015, 12)
(1015, 12) -> (1061, 1)
(1061, 1) -> (1098, 23)
(1098, 23) -> (1112, 44)
(1112, 44) -> (1114, 24)
(1114, 24) -> (1116, 31)
(1116, 31) -> (1117, 19)
(1117, 19) -> (1122, 3)
(1122, 3) -> (1150, 32)
(1150, 32) -> (1201, 5)
(1201, 5) -> (1210, 49)
(1210, 49) -> (1239, 59)
(1239, 59) -> (1277, 186)
(1277, 186) -> (1315, 132)
(1315, 132) -> (1326, 162)
(1326, 162) -> (1427, 263)
(1427, 263) -> (1479, 40)
(1479, 40) -> (1485, 410)
(1485, 410) -> (1528, 468)
(1528, 468) -> (1124, 177)
