Vertices: 100
Top chain length: 37
Bottom chain length: 63
=============TOP CHAIN VERTICES=============
0: (19, 115)
1: (19, 66)
4: (105, 90)
8: (144, 43)
9: (154, 118)
11: (192, 31)
12: (197, 161)
14: (207, 101)
15: (224, 58)
18: (261, 106)
20: (297, 123)
24: (408, 110)
26: (442, 33)
29: (447, 43)
31: (481, 127)
32: (500, 77)
35: (537, 201)
37: (572, 5)
41: (592, 55)
46: (651, 108)
47: (666, 126)
49: (678, 115)
51: (724, 28)
52: (725, 27)
54: (753, 3)
57: (779, 130)
61: (841, 56)
64: (896, 91)
67: (952, 7)
68: (984, 82)
70: (1025, 54)
75: (1092, 129)
78: (1140, 43)
79: (1145, 201)
81: (1147, 40)
85: (1211, 206)
87: (1248, 2)
===========BOTTOM CHAIN VERTICES============
2: (62, 178)
3: (86, 177)
5: (111, 171)
6: (126, 93)
7: (138, 371)
10: (179, 129)
13: (198, 280)
16: (230, 83)
17: (259, 123)
19: (283, 375)
21: (314, 298)
22: (340, 288)
23: (398, 173)
25: (424, 106)
27: (443, 278)
28: (445, 198)
30: (479, 173)
33: (515, 129)
34: (534, 258)
36: (549, 138)
38: (582, 221)
39: (583, 89)
40: (586, 94)
42: (592, 75)
43: (601, 211)
44: (606, 180)
45: (620, 198)
48: (671, 187)
50: (713, 268)
53: (726, 78)
55: (753, 147)
56: (778, 148)
58: (791, 143)
59: (828, 86)
60: (829, 79)
62: (852, 80)
63: (891, 163)
65: (920, 217)
66: (925, 199)
69: (998, 180)
71: (1034, 130)
72: (1066, 117)
73: (1074, 208)
74: (1077, 189)
76: (1117, 269)
77: (1134, 86)
80: (1146, 338)
82: (1156, 125)
83: (1170, 100)
84: (1175, 155)
86: (1213, 255)
88: (1270, 67)
89: (1395, 19)
90: (1399, 224)
91: (1402, 239)
92: (1414, 119)
93: (1466, 170)
94: (1481, 12)
95: (1507, 74)
96: (1580, 89)
97: (1586, 57)
98: (1653, 61)
99: (1727, 3)
==================EDGES=====================
(19, 115) -> (19, 66)
(19, 66) -> (105, 90)
(105, 90) -> (144, 43)
(144, 43) -> (154, 118)
(154, 118) -> (192, 31)
(192, 31) -> (197, 161)
(197, 161) -> (207, 101)
(207, 101) -> (224, 58)
(224, 58) -> (261, 106)
(261, 106) -> (297, 123)
(297, 123) -> (408, 110)
(408, 110) -> (442, 33)
(442, 33) -> (447, 43)
(447, 43) -> (481, 127)
(481, 127) -> (500, 77)
(500, 77) -> (537, 201)
(537, 201) -> (572, 5)
(572, 5) -> (592, 55)
(592, 55) -> (651, 108)
(651, 108) -> (666, 126)
(666, 126) -> (678, 115)
(678, 115) -> (724, 28)
(724, 28) -> (725, 27)
(725, 27) -> (753, 3)
(753, 3) -> (779, 130)
(779, 130) -> (841, 56)
(841, 56) -> (896, 91)
(896, 91) -> (952, 7)
(952, 7) -> (984, 82)
(984, 82) -> (1025, 54)
(1025, 54) -> (1092, 129)
(1092, 129) -> (1140, 43)
(1140, 43) -> (1145, 201)
(1145, 201) -> (1147, 40)
(1147, 40) -> (1211, 206)
(1211, 206) -> (1248, 2)
(19, 115) -> (62, 178)
(62, 178) -> (86, 177)
(86, 177) -> (111, 171)
(111, 171) -> (126, 93)
(126, 93) -> (138, 371)
(138, 371) -> (179, 129)
(179, 129) -> (198, 280)
(198, 280) -> (230, 83)
(230, 83) -> (259, 123)
(259, 123) -> (283, 375)
(283, 375) -> (314, 298)
(314, 298) -> (340, 288)
(340, 288) -> (398, 173)
(398, 173) -> (424, 106)
(424, 106) -> (443, 278)
(443, 278) -> (445, 198)
(445, 198) -> (479, 173)
(479, 173) -> (515, 129)
(515, 129) -> (534, 258)
(534, 258) -> (549, 138)
(549, 138) -> (582, 221)
(582, 221) -> (583, 89)
(583, 89) -> (586, 94)
(586, 94) -> (592, 75)
(592, 75) -> (601, 211)
(601, 211) -> (606, 180)
(606, 180) -> (620, 198)
(620, 198) -> (671, 187)
(671, 187) -> (713, 268)
(713, 268) -> (726, 78)
(726, 78) -> (753, 147)
(753, 147) -> (778, 148)
(778, 148) -> (791, 143)
(791, 143) -> (828, 86)
(828, 86) -> (829, 79)
(829, 79) -> (852, 80)
(852, 80) -> (891, 163)
(891, 163) -> (920, 217)
(920, 217) -> (925, 199)
(925, 199) -> (998, 180)
(998, 180) -> (1034, 130)
(1034, 130) -> (1066, 117)
(1066, 117) -> (1074, 208)
(1074, 208) -> (1077, 189)
(1077, 189) -> (1117, 269)
(1117, 269) -> (1134, 86)
(1134, 86) -> (1146, 338)
(1146, 338) -> (1156, 125)
(1156, 125) -> (1170, 100)
(1170, 100) -> (1175, 155)
(1175, 155) -> (1213, 255)
(1213, 255) -> (1270, 67)
(1270, 67) -> (1395, 19)
(1395, 19) -> (1399, 224)
(1399, 224) -> (1402, 239)
(1402, 239) -> (1414, 119)
(1414, 119) -> (1466, 170)
(1466, 170) -> (1481, 12)
(1481, 12) -> (1507, 74)
(1507, 74) -> (1580, 89)
(1580, 89) -> (1586, 57)
(1586, 57) -> (1653, 61)
(1653, 61) -> (1727, 3)
(1727, 3) -> (1248, 2)
