Vertices: 100
Top chain length: 54
Bottom chain length: 46
=============TOP CHAIN VERTICES=============
0: (44, 163)
1: (44, 36)
2: (68, 22)
5: (110, 186)
7: (136, 125)
9: (192, 73)
13: (282, 105)
16: (291, 10)
18: (294, 246)
20: (319, 141)
23: (364, 89)
25: (415, 5)
26: (415, 66)
30: (439, 142)
31: (478, 72)
32: (489, 49)
37: (554, 51)
41: (590, 217)
44: (633, 142)
46: (658, 64)
47: (666, 22)
49: (711, 164)
51: (750, 147)
54: (783, 49)
57: (827, 52)
59: (862, 54)
64: (912, 52)
65: (916, 133)
67: (930, 97)
72: (965, 155)
74: (1043, 40)
76: (1102, 103)
78: (1125, 67)
79: (1146, 219)
80: (1163, 58)
81: (1245, 11)
82: (1251, 99)
83: (1311, 95)
84: (1316, 5)
85: (1336, 127)
86: (1372, 136)
87: (1434, 165)
88: (1472, 133)
89: (1536, 183)
90: (1541, 187)
91: (1603, 26)
92: (1671, 75)
93: (1726, 88)
94: (1758, 90)
95: (1781, 110)
96: (1816, 53)
97: (1835, 118)
98: (1847, 7)
99: (1886, 238)
===========BOTTOM CHAIN VERTICES============
3: (76, 126)
4: (106, 183)
6: (129, 270)
8: (163, 211)
10: (236, 224)
11: (265, 145)
12: (280, 169)
14: (285, 94)
15: (290, 121)
17: (292, 107)
19: (295, 345)
21: (330, 235)
22: (358, 135)
24: (405, 188)
27: (418, 187)
28: (429, 112)
29: (431, 172)
33: (495, 76)
34: (522, 171)
35: (525, 231)
36: (544, 104)
38: (571, 151)
39: (579, 187)
40: (584, 207)
42: (599, 289)
43: (621, 173)
45: (640, 176)
48: (672, 105)
50: (716, 289)
52: (760, 329)
53: (774, 112)
55: (816, 63)
56: (826, 72)
58: (844, 115)
60: (868, 76)
61: (896, 113)
62: (899, 101)
63: (907, 121)
66: (929, 194)
68: (941, 230)
69: (956, 161)
70: (958, 183)
71: (963, 295)
73: (1021, 242)
75: (1076, 174)
77: (1114, 320)
==================EDGES=====================
(44, 163) -> (44, 36)
(44, 36) -> (68, 22)
(68, 22) -> (110, 186)
(110, 186) -> (136, 125)
(136, 125) -> (192, 73)
(192, 73) -> (282, 105)
(282, 105) -> (291, 10)
(291, 10) -> (294, 246)
(294, 246) -> (319, 141)
(319, 141) -> (364, 89)
(364, 89) -> (415, 5)
(415, 5) -> (415, 66)
(415, 66) -> (439, 142)
(439, 142) -> (478, 72)
(478, 72) -> (489, 49)
(489, 49) -> (554, 51)
(554, 51) -> (590, 217)
(590, 217) -> (633, 142)
(633, 142) -> (658, 64)
(658, 64) -> (666, 22)
(666, 22) -> (711, 164)
(711, 164) -> (750, 147)
(750, 147) -> (783, 49)
(783, 49) -> (827, 52)
(827, 52) -> (862, 54)
(862, 54) -> (912, 52)
(912, 52) -> (916, 133)
(916, 133) -> (930, 97)
(930, 97) -> (965, 155)
(965, 155) -> (1043, 40)
(1043, 40) -> (1102, 103)
(1102, 103) -> (1125, 67)
(1125, 67) -> (1146, 219)
(1146, 219) -> (1163, 58)
(1163, 58) -> (1245, 11)
(1245, 11) -> (1251, 99)
(1251, 99) -> (1311, 95)
(1311, 95) -> (1316, 5)
(1316, 5) -> (1336, 127)
(1336, 127) -> (1372, 136)
(1372, 136) -> (1434, 165)
(1434, 165) -> (1472, 133)
(1472, 133) -> (1536, 183)
(1536, 183) -> (1541, 187)
(1541, 187) -> (1603, 26)
(1603, 26) -> (1671, 75)
(1671, 75) -> (1726, 88)
(1726, 88) -> (1758, 90)
(1758, 90) -> (1781, 110)
(1781, 110) -> (1816, 53)
(1816, 53) -> (1835, 118)
(1835, 118) -> (1847, 7)
(1847, 7) -> (1886, 238)
(44, 163) -> (76, 126)
(76, 126) -> (106, 183)
(106, 183) -> (129, 270)
(129, 270) -> (163, 211)
(163, 211) -> (236, 224)
(236, 224) -> (265, 145)
(265, 145) -> (280, 169)
(280, 169) -> (285, 94)
(285, 94) -> (290, 121)
(290, 121) -> (292, 107)
(292, 107) -> (295, 345)
(295, 345) -> (330, 235)
(330, 235) -> (358, 135)
(358, 135) -> (405, 188)
(405, 188) -> (418, 187)
(418, 187) -> (429, 112)
(429, 112) -> (431, 172)
(431, 172) -> (495, 76)
(495, 76) -> (522, 171)
(522, 171) -> (525, 231)
(525, 231) -> (544, 104)
(544, 104) -> (571, 151)
(571, 151) -> (579, 187)
(579, 187) -> (584, 207)
(584, 207) -> (599, 289)
(599, 289) -> (621, 173)
(621, 173) -> (640, 176)
(640, 176) -> (672, 105)
(672, 105) -> (716, 289)
(716, 289) -> (760, 329)
(760, 329) -> (774, 112)
(774, 112) -> (816, 63)
(816, 63) -> (826, 72)
(826, 72) -> (844, 115)
(844, 115) -> (868, 76)
(868, 76) -> (896, 113)
(896, 113) -> (899, 101)
(899, 101) -> (907, 121)
(907, 121) -> (929, 194)
(929, 194) -> (941, 230)
(941, 230) -> (956, 161)
(956, 161) -> (958, 183)
(958, 183) -> (963, 295)
(963, 295) -> (1021, 242)
(1021, 242) -> (1076, 174)
(1076, 174) -> (1114, 320)
(1114, 320) -> (1886, 238)
