Vertices: 50
Top chain length: 28
Bottom chain length: 22
=============TOP CHAIN VERTICES=============
0: (28, 145)
1: (28, 91)
2: (46, 25)
4: (101, 194)
6: (105, 95)
7: (111, 41)
9: (141, 135)
10: (169, 84)
12: (216, 126)
14: (297, 0)
16: (318, 270)
18: (336, 4)
19: (348, 163)
24: (419, 251)
26: (468, 107)
28: (549, 14)
31: (553, 273)
33: (564, 63)
35: (598, 44)
37: (628, 128)
39: (668, 239)
41: (695, 14)
43: (776, 117)
45: (816, 5)
46: (828, 27)
47: (868, 156)
48: (871, 119)
49: (955, 109)
===========BOTTOM CHAIN VERTICES============
3: (67, 221)
5: (101, 240)
8: (140, 188)
11: (188, 212)
13: (273, 52)
15: (302, 230)
17: (333, 400)
20: (350, 197)
21: (360, 297)
22: (381, 306)
23: (383, 520)
25: (460, 188)
27: (544, 171)
29: (550, 160)
30: (551, 177)
32: (553, 432)
34: (587, 86)
36: (610, 284)
38: (637, 162)
40: (675, 295)
42: (735, 303)
44: (781, 210)
==================EDGES=====================
(28, 145) -> (28, 91)
(28, 91) -> (46, 25)
(46, 25) -> (101, 194)
(101, 194) -> (105, 95)
(105, 95) -> (111, 41)
(111, 41) -> (141, 135)
(141, 135) -> (169, 84)
(169, 84) -> (216, 126)
(216, 126) -> (297, 0)
(297, 0) -> (318, 270)
(318, 270) -> (336, 4)
(336, 4) -> (348, 163)
(348, 163) -> (419, 251)
(419, 251) -> (468, 107)
(468, 107) -> (549, 14)
(549, 14) -> (553, 273)
(553, 273) -> (564, 63)
(564, 63) -> (598, 44)
(598, 44) -> (628, 128)
(628, 128) -> (668, 239)
(668, 239) -> (695, 14)
(695, 14) -> (776, 117)
(776, 117) -> (816, 5)
(816, 5) -> (828, 27)
(828, 27) -> (868, 156)
(868, 156) -> (871, 119)
(871, 119) -> (955, 109)
(28, 145) -> (67, 221)
(67, 221) -> (101, 240)
(101, 240) -> (140, 188)
(140, 188) -> (188, 212)
(188, 212) -> (273, 52)
(273, 52) -> (302, 230)
(302, 230) -> (333, 400)
(333, 400) -> (350, 197)
(350, 197) -> (360, 297)
(360, 297) -> (381, 306)
(381, 306) -> (383, 520)
(383, 520) -> (460, 188)
(460, 188) -> (544, 171)
(544, 171) -> (550, 160)
(550, 160) -> (551, 177)
(551, 177) -> (553, 432)
(553, 432) -> (587, 86)
(587, 86) -> (610, 284)
(610, 284) -> (637, 162)
(637, 162) -> (675, 295)
(675, 295) -> (735, 303)
(735, 303) -> (781, 210)
(781, 210) -> (955, 109)
