Vertices: 50
Top chain length: 20
Bottom chain length: 30
=============TOP CHAIN VERTICES=============
0: (11, 265)
1: (11, 198)
4: (80, 47)
9: (144, 243)
12: (210, 32)
16: (240, 399)
19: (287, 169)
20: (294, 44)
22: (338, 38)
24: (377, 34)
26: (412, 145)
30: (488, 161)
31: (494, 178)
35: (569, 17)
39: (604, 113)
40: (609, 213)
44: (651, 149)
45: (677, 108)
46: (685, 209)
48: (738, 62)
===========BOTTOM CHAIN VERTICES============
2: (67, 165)
3: (75, 230)
5: (101, 184)
6: (103, 261)
7: (114, 167)
8: (134, 281)
10: (172, 253)
11: (197, 126)
13: (218, 234)
14: (226, 298)
15: (233, 495)
17: (278, 351)
18: (286, 257)
21: (324, 151)
23: (340, 117)
25: (382, 118)
27: (413, 173)
28: (458, 384)
29: (482, 199)
32: (497, 208)
33: (517, 184)
34: (550, 125)
36: (576, 157)
37: (587, 143)
38: (597, 475)
41: (625, 266)
42: (628, 412)
43: (644, 179)
47: (698, 275)
49: (748, 189)
==================EDGES=====================
(11, 265) -> (11, 198)
(11, 198) -> (80, 47)
(80, 47) -> (144, 243)
(144, 243) -> (210, 32)
(210, 32) -> (240, 399)
(240, 399) -> (287, 169)
(287, 169) -> (294, 44)
(294, 44) -> (338, 38)
(338, 38) -> (377, 34)
(377, 34) -> (412, 145)
(412, 145) -> (488, 161)
(488, 161) -> (494, 178)
(494, 178) -> (569, 17)
(569, 17) -> (604, 113)
(604, 113) -> (609, 213)
(609, 213) -> (651, 149)
(651, 149) -> (677, 108)
(677, 108) -> (685, 209)
(685, 209) -> (738, 62)
(11, 265) -> (67, 165)
(67, 165) -> (75, 230)
(75, 230) -> (101, 184)
(101, 184) -> (103, 261)
(103, 261) -> (114, 167)
(114, 167) -> (134, 281)
(134, 281) -> (172, 253)
(172, 253) -> (197, 126)
(197, 126) -> (218, 234)
(218, 234) -> (226, 298)
(226, 298) -> (233, 495)
(233, 495) -> (278, 351)
(278, 351) -> (286, 257)
(286, 257) -> (324, 151)
(324, 151) -> (340, 117)
(340, 117) -> (382, 118)
(382, 118) -> (413, 173)
(413, 173) -> (458, 384)
(458, 384) -> (482, 199)
(482, 199) -> (497, 208)
(497, 208) -> (517, 184)
(517, 184) -> (550, 125)
(550, 125) -> (576, 157)
(576, 157) -> (587, 143)
(587, 143) -> (597, 475)
(597, 475) -> (625, 266)
(625, 266) -> (628, 412)
(628, 412) -> (644, 179)
(644, 179) -> (698, 275)
(698, 275) -> (748, 189)
(748, 189) -> (738, 62)
