Vertices: 100
Top chain length: 44
Bottom chain length: 56
=============TOP CHAIN VERTICES=============
0: (39, 104)
1: (39, 24)
4: (108, 334)
6: (112, 106)
7: (146, 71)
10: (159, 25)
17: (245, 47)
20: (257, 192)
23: (261, 435)
24: (265, 64)
26: (328, 189)
30: (419, 53)
32: (435, 43)
33: (447, 56)
34: (463, 77)
36: (546, 33)
39: (610, 119)
41: (645, 114)
47: (730, 27)
49: (802, 69)
52: (818, 273)
53: (830, 170)
54: (859, 190)
56: (876, 93)
57: (911, 6)
58: (920, 98)
62: (966, 23)
65: (996, 169)
68: (1079, 146)
71: (1147, 117)
74: (1183, 153)
75: (1200, 202)
76: (1208, 180)
77: (1211, 262)
79: (1238, 138)
81: (1288, 49)
82: (1338, 243)
85: (1356, 146)
89: (1463, 152)
91: (1535, 160)
93: (1562, 68)
95: (1584, 52)
96: (1618, 69)
97: (1628, 78)
===========BOTTOM CHAIN VERTICES============
2: (70, 217)
3: (102, 383)
5: (110, 346)
8: (150, 132)
9: (155, 64)
11: (172, 155)
12: (201, 201)
13: (209, 108)
14: (212, 63)
15: (239, 164)
16: (244, 185)
18: (250, 121)
19: (252, 213)
21: (258, 289)
22: (260, 463)
25: (313, 183)
27: (338, 263)
28: (360, 175)
29: (407, 121)
31: (433, 121)
35: (471, 75)
37: (550, 81)
38: (588, 155)
40: (631, 128)
42: (662, 141)
43: (671, 97)
44: (683, 168)
45: (692, 122)
46: (720, 159)
48: (766, 292)
50: (802, 77)
51: (803, 273)
55: (867, 321)
59: (937, 82)
60: (938, 154)
61: (954, 98)
63: (975, 224)
64: (990, 208)
66: (997, 227)
67: (1060, 217)
69: (1105, 264)
70: (1117, 262)
72: (1174, 268)
73: (1178, 384)
78: (1237, 173)
80: (1271, 112)
83: (1345, 263)
84: (1351, 205)
86: (1360, 181)
87: (1396, 154)
88: (1448, 158)
90: (1486, 324)
92: (1550, 132)
94: (1581, 88)
98: (1644, 195)
99: (1676, 41)
==================EDGES=====================
(39, 104) -> (39, 24)
(39, 24) -> (108, 334)
(108, 334) -> (112, 106)
(112, 106) -> (146, 71)
(146, 71) -> (159, 25)
(159, 25) -> (245, 47)
(245, 47) -> (257, 192)
(257, 192) -> (261, 435)
(261, 435) -> (265, 64)
(265, 64) -> (328, 189)
(328, 189) -> (419, 53)
(419, 53) -> (435, 43)
(435, 43) -> (447, 56)
(447, 56) -> (463, 77)
(463, 77) -> (546, 33)
(546, 33) -> (610, 119)
(610, 119) -> (645, 114)
(645, 114) -> (730, 27)
(730, 27) -> (802, 69)
(802, 69) -> (818, 273)
(818, 273) -> (830, 170)
(830, 170) -> (859, 190)
(859, 190) -> (876, 93)
(876, 93) -> (911, 6)
(911, 6) -> (920, 98)
(920, 98) -> (966, 23)
(966, 23) -> (996, 169)
(996, 169) -> (1079, 146)
(1079, 146) -> (1147, 117)
(1147, 117) -> (1183, 153)
(1183, 153) -> (1200, 202)
(1200, 202) -> (1208, 180)
(1208, 180) -> (1211, 262)
(1211, 262) -> (1238, 138)
(1238, 138) -> (1288, 49)
(1288, 49) -> (1338, 243)
(1338, 243) -> (1356, 146)
(1356, 146) -> (1463, 152)
(1463, 152) -> (1535, 160)
(1535, 160) -> (1562, 68)
(1562, 68) -> (1584, 52)
(1584, 52) -> (1618, 69)
(1618, 69) -> (1628, 78)
(39, 104) -> (70, 217)
(70, 217) -> (102, 383)
(102, 383) -> (110, 346)
(110, 346) -> (150, 132)
(150, 132) -> (155, 64)
(155, 64) -> (172, 155)
(172, 155) -> (201, 201)
(201, 201) -> (209, 108)
(209, 108) -> (212, 63)
(212, 63) -> (239, 164)
(239, 164) -> (244, 185)
(244, 185) -> (250, 121)
(250, 121) -> (252, 213)
(252, 213) -> (258, 289)
(258, 289) -> (260, 463)
(260, 463) -> (313, 183)
(313, 183) -> (338, 263)
(338, 263) -> (360, 175)
(360, 175) -> (407, 121)
(407, 121) -> (433, 121)
(433, 121) -> (471, 75)
(471, 75) -> (550, 81)
(550, 81) -> (588, 155)
(588, 155) -> (631, 128)
(631, 128) -> (662, 141)
(662, 141) -> (671, 97)
(671, 97) -> (683, 168)
(683, 168) -> (692, 122)
(692, 122) -> (720, 159)
(720, 159) -> (766, 292)
(766, 292) -> (802, 77)
(802, 77) -> (803, 273)
(803, 273) -> (867, 321)
(867, 321) -> (937, 82)
(937, 82) -> (938, 154)
(938, 154) -> (954, 98)
(954, 98) -> (975, 224)
(975, 224) -> (990, 208)
(990, 208) -> (997, 227)
(997, 227) -> (1060, 217)
(1060, 217) -> (1105, 264)
(1105, 264) -> (1117, 262)
(1117, 262) -> (1174, 268)
(1174, 268) -> (1178, 384)
(1178, 384) -> (1237, 173)
(1237, 173) -> (1271, 112)
(1271, 112) -> (1345, 263)
(1345, 263) -> (1351, 205)
(1351, 205) -> (1360, 181)
(1360, 181) -> (1396, 154)
(1396, 154) -> (1448, 158)
(1448, 158) -> (1486, 324)
(1486, 324) -> (1550, 132)
(1550, 132) -> (1581, 88)
(1581, 88) -> (1644, 195)
(1644, 195) -> (1676, 41)
(1676, 41) -> (1628, 78)
