Vertices: 50
Top chain length: 28
Bottom chain length: 22
=============TOP CHAIN VERTICES=============
0: (11, 138)
1: (11, 83)
2: (17, 71)
3: (41, 66)
5: (74, 28)
6: (91, 80)
7: (114, 180)
10: (143, 189)
12: (198, 52)
15: (273, 254)
17: (284, 63)
18: (288, 294)
21: (338, 86)
22: (338, 249)
24: (353, 143)
25: (354, 85)
26: (378, 216)
27: (378, 31)
29: (427, 108)
35: (496, 88)
37: (526, 100)
38: (552, 142)
43: (615, 91)
45: (648, 181)
46: (679, 20)
47: (710, 313)
48: (771, 44)
49: (853, 285)
===========BOTTOM CHAIN VERTICES============
4: (69, 248)
8: (115, 183)
9: (139, 195)
11: (161, 254)
13: (200, 88)
14: (256, 384)
16: (277, 413)
19: (328, 152)
20: (335, 239)
23: (347, 314)
28: (424, 367)
30: (438, 325)
31: (441, 242)
32: (459, 353)
33: (463, 99)
34: (493, 218)
36: (522, 214)
39: (563, 161)
40: (579, 141)
41: (586, 304)
42: (612, 96)
44: (619, 353)
==================EDGES=====================
(11, 138) -> (11, 83)
(11, 83) -> (17, 71)
(17, 71) -> (41, 66)
(41, 66) -> (74, 28)
(74, 28) -> (91, 80)
(91, 80) -> (114, 180)
(114, 180) -> (143, 189)
(143, 189) -> (198, 52)
(198, 52) -> (273, 254)
(273, 254) -> (284, 63)
(284, 63) -> (288, 294)
(288, 294) -> (338, 86)
(338, 86) -> (338, 249)
(338, 249) -> (353, 143)
(353, 143) -> (354, 85)
(354, 85) -> (378, 216)
(378, 216) -> (378, 31)
(378, 31) -> (427, 108)
(427, 108) -> (496, 88)
(496, 88) -> (526, 100)
(526, 100) -> (552, 142)
(552, 142) -> (615, 91)
(615, 91) -> (648, 181)
(648, 181) -> (679, 20)
(679, 20) -> (710, 313)
(710, 313) -> (771, 44)
(771, 44) -> (853, 285)
(11, 138) -> (69, 248)
(69, 248) -> (115, 183)
(115, 183) -> (139, 195)
(139, 195) -> (161, 254)
(161, 254) -> (200, 88)
(200, 88) -> (256, 384)
(256, 384) -> (277, 413)
(277, 413) -> (328, 152)
(328, 152) -> (335, 239)
(335, 239) -> (347, 314)
(347, 314) -> (424, 367)
(424, 367) -> (438, 325)
(438, 325) -> (441, 242)
(441, 242) -> (459, 353)
(459, 353) -> (463, 99)
(463, 99) -> (493, 218)
(493, 218) -> (522, 214)
(522, 214) -> (563, 161)
(563, 161) -> (579, 141)
(579, 141) -> (586, 304)
(586, 304) -> (612, 96)
(612, 96) -> (619, 353)
(619, 353) -> (853, 285)
