Vertices: 100
Top chain length: 64
Bottom chain length: 36
=============TOP CHAIN VERTICES=============
0: (10, 293)
1: (10, 257)
2: (48, 250)
4: (59, 26)
5: (71, 150)
6: (108, 49)
7: (134, 171)
9: (195, 6)
10: (199, 1)
11: (199, 47)
14: (222, 32)
18: (277, 190)
20: (293, 99)
22: (300, 56)
26: (320, 46)
27: (324, 251)
33: (396, 169)
35: (410, 285)
36: (430, 151)
38: (444, 93)
39: (444, 144)
40: (481, 50)
46: (550, 227)
47: (555, 274)
48: (574, 130)
50: (597, 19)
55: (644, 58)
57: (648, 212)
63: (669, 430)
65: (735, 212)
66: (779, 191)
67: (858, 203)
68: (862, 143)
69: (869, 11)
70: (992, 40)
71: (1065, 35)
72: (1067, 79)
73: (1077, 25)
74: (1090, 9)
75: (1115, 216)
76: (1140, 255)
77: (1144, 246)
78: (1192, 154)
79: (1208, 45)
80: (1296, 153)
81: (1358, 170)
82: (1366, 103)
83: (1370, 158)
84: (1427, 151)
85: (1431, 33)
86: (1503, 12)
87: (1524, 293)
88: (1593, 155)
89: (1620, 77)
90: (1652, 248)
91: (1699, 68)
92: (1714, 333)
93: (1720, 12)
94: (1739, 167)
95: (1803, 204)
96: (1866, 155)
97: (1903, 229)
98: (1932, 80)
99: (1952, 324)
===========BOTTOM CHAIN VERTICES============
3: (48, 253)
8: (146, 224)
12: (207, 105)
13: (214, 220)
15: (237, 96)
16: (240, 236)
17: (244, 201)
19: (281, 325)
21: (297, 84)
23: (313, 107)
24: (315, 59)
25: (319, 389)
28: (324, 271)
29: (340, 313)
30: (360, 252)
31: (366, 318)
32: (393, 344)
34: (400, 323)
37: (443, 196)
41: (493, 119)
42: (517, 316)
43: (523, 289)
44: (531, 180)
45: (538, 272)
49: (595, 403)
51: (605, 124)
52: (614, 268)
53: (641, 229)
54: (642, 114)
56: (646, 184)
58: (648, 252)
59: (653, 324)
60: (657, 308)
61: (660, 388)
62: (667, 523)
64: (711, 401)
==================EDGES=====================
(10, 293) -> (10, 257)
(10, 257) -> (48, 250)
(48, 250) -> (59, 26)
(59, 26) -> (71, 150)
(71, 150) -> (108, 49)
(108, 49) -> (134, 171)
(134, 171) -> (195, 6)
(195, 6) -> (199, 1)
(199, 1) -> (199, 47)
(199, 47) -> (222, 32)
(222, 32) -> (277, 190)
(277, 190) -> (293, 99)
(293, 99) -> (300, 56)
(300, 56) -> (320, 46)
(320, 46) -> (324, 251)
(324, 251) -> (396, 169)
(396, 169) -> (410, 285)
(410, 285) -> (430, 151)
(430, 151) -> (444, 93)
(444, 93) -> (444, 144)
(444, 144) -> (481, 50)
(481, 50) -> (550, 227)
(550, 227) -> (555, 274)
(555, 274) -> (574, 130)
(574, 130) -> (597, 19)
(597, 19) -> (644, 58)
(644, 58) -> (648, 212)
(648, 212) -> (669, 430)
(669, 430) -> (735, 212)
(735, 212) -> (779, 191)
(779, 191) -> (858, 203)
(858, 203) -> (862, 143)
(862, 143) -> (869, 11)
(869, 11) -> (992, 40)
(992, 40) -> (1065, 35)
(1065, 35) -> (1067, 79)
(1067, 79) -> (1077, 25)
(1077, 25) -> (1090, 9)
(1090, 9) -> (1115, 216)
(1115, 216) -> (1140, 255)
(1140, 255) -> (1144, 246)
(1144, 246) -> (1192, 154)
(1192, 154) -> (1208, 45)
(1208, 45) -> (1296, 153)
(1296, 153) -> (1358, 170)
(1358, 170) -> (1366, 103)
(1366, 103) -> (1370, 158)
(1370, 158) -> (1427, 151)
(1427, 151) -> (1431, 33)
(1431, 33) -> (1503, 12)
(1503, 12) -> (1524, 293)
(1524, 293) -> (1593, 155)
(1593, 155) -> (1620, 77)
(1620, 77) -> (1652, 248)
(1652, 248) -> (1699, 68)
(1699, 68) -> (1714, 333)
(1714, 333) -> (1720, 12)
(1720, 12) -> (1739, 167)
(1739, 167) -> (1803, 204)
(1803, 204) -> (1866, 155)
(1866, 155) -> (1903, 229)
(1903, 229) -> (1932, 80)
(1932, 80) -> (1952, 324)
(10, 293) -> (48, 253)
(48, 253) -> (146, 224)
(146, 224) -> (207, 105)
(207, 105) -> (214, 220)
(214, 220) -> (237, 96)
(237, 96) -> (240, 236)
(240, 236) -> (244, 201)
(244, 201) -> (281, 325)
(281, 325) -> (297, 84)
(297, 84) -> (313, 107)
(313, 107) -> (315, 59)
(315, 59) -> (319, 389)
(319, 389) -> (324, 271)
(324, 271) -> (340, 313)
(340, 313) -> (360, 252)
(360, 252) -> (366, 318)
(366, 318) -> (393, 344)
(393, 344) -> (400, 323)
(400, 323) -> (443, 196)
(443, 196) -> (493, 119)
(493, 119) -> (517, 316)
(517, 316) -> (523, 289)
(523, 289) -> (531, 180)
(531, 180) -> (538, 272)
(538, 272) -> (595, 403)
(595, 403) -> (605, 124)
(605, 124) -> (614, 268)
(614, 268) -> (641, 229)
(641, 229) -> (642, 114)
(642, 114) -> (646, 184)
(646, 184) -> (648, 252)
(648, 252) -> (653, 324)
(653, 324) -> (657, 308)
(657, 308) -> (660, 388)
(660, 388) -> (667, 523)
(667, 523) -> (711, 401)
(711, 401) -> (1952, 324)
