Vertices: 100
Top chain length: 43
Bottom chain length: 57
=============TOP CHAIN VERTICES=============
0: (63, 115)
1: (63, 18)
5: (92, 255)
8: (116, 91)
9: (129, 50)
10: (129, 110)
11: (129, 106)
15: (163, 421)
17: (214, 194)
19: (233, 116)
21: (245, 254)
22: (266, 35)
23: (272, 41)
29: (365, 144)
35: (418, 19)
36: (433, 185)
42: (476, 397)
44: (513, 85)
46: (565, 14)
50: (612, 169)
51: (621, 120)
52: (638, 87)
54: (658, 19)
56: (699, 81)
58: (708, 109)
60: (734, 277)
63: (818, 196)
67: (869, 70)
71: (886, 88)
72: (895, 245)
74: (913, 10)
77: (954, 131)
78: (971, 20)
82: (1053, 82)
85: (1122, 64)
87: (1180, 35)
90: (1208, 293)
93: (1224, 91)
94: (1234, 185)
96: (1248, 424)
97: (1304, 193)
98: (1356, 21)
99: (1365, 43)
===========BOTTOM CHAIN VERTICES============
2: (69, 133)
3: (73, 129)
4: (81, 233)
6: (112, 459)
7: (115, 207)
12: (144, 290)
13: (155, 355)
14: (162, 423)
16: (187, 419)
18: (226, 154)
20: (233, 332)
24: (278, 317)
25: (306, 105)
26: (319, 137)
27: (341, 128)
28: (360, 146)
30: (394, 255)
31: (399, 117)
32: (410, 225)
33: (415, 185)
34: (417, 64)
37: (433, 194)
38: (443, 330)
39: (451, 293)
40: (453, 366)
41: (456, 330)
43: (480, 473)
45: (546, 197)
47: (569, 238)
48: (581, 230)
49: (585, 103)
53: (647, 311)
55: (695, 132)
57: (700, 179)
59: (731, 312)
61: (777, 316)
62: (796, 307)
64: (827, 239)
65: (856, 173)
66: (864, 240)
68: (876, 377)
69: (880, 158)
70: (881, 261)
73: (896, 275)
75: (920, 92)
76: (938, 251)
79: (974, 211)
80: (1001, 121)
81: (1026, 181)
83: (1078, 172)
84: (1103, 112)
86: (1162, 115)
88: (1193, 196)
89: (1196, 222)
91: (1209, 331)
92: (1216, 238)
95: (1243, 576)
==================EDGES=====================
(63, 115) -> (63, 18)
(63, 18) -> (92, 255)
(92, 255) -> (116, 91)
(116, 91) -> (129, 50)
(129, 50) -> (129, 110)
(129, 110) -> (129, 106)
(129, 106) -> (163, 421)
(163, 421) -> (214, 194)
(214, 194) -> (233, 116)
(233, 116) -> (245, 254)
(245, 254) -> (266, 35)
(266, 35) -> (272, 41)
(272, 41) -> (365, 144)
(365, 144) -> (418, 19)
(418, 19) -> (433, 185)
(433, 185) -> (476, 397)
(476, 397) -> (513, 85)
(513, 85) -> (565, 14)
(565, 14) -> (612, 169)
(612, 169) -> (621, 120)
(621, 120) -> (638, 87)
(638, 87) -> (658, 19)
(658, 19) -> (699, 81)
(699, 81) -> (708, 109)
(708, 109) -> (734, 277)
(734, 277) -> (818, 196)
(818, 196) -> (869, 70)
(869, 70) -> (886, 88)
(886, 88) -> (895, 245)
(895, 245) -> (913, 10)
(913, 10) -> (954, 131)
(954, 131) -> (971, 20)
(971, 20) -> (1053, 82)
(1053, 82) -> (1122, 64)
(1122, 64) -> (1180, 35)
(1180, 35) -> (1208, 293)
(1208, 293) -> (1224, 91)
(1224, 91) -> (1234, 185)
(1234, 185) -> (1248, 424)
(1248, 424) -> (1304, 193)
(1304, 193) -> (1356, 21)
(1356, 21) -> (1365, 43)
(63, 115) -> (69, 133)
(69, 133) -> (73, 129)
(73, 129) -> (81, 233)
(81, 233) -> (112, 459)
(112, 459) -> (115, 207)
(115, 207) -> (144, 290)
(144, 290) -> (155, 355)
(155, 355) -> (162, 423)
(162, 423) -> (187, 419)
(187, 419) -> (226, 154)
(226, 154) -> (233, 332)
(233, 332) -> (278, 317)
(278, 317) -> (306, 105)
(306, 105) -> (319, 137)
(319, 137) -> (341, 128)
(341, 128) -> (360, 146)
(360, 146) -> (394, 255)
(394, 255) -> (399, 117)
(399, 117) -> (410, 225)
(410, 225) -> (415, 185)
(415, 185) -> (417, 64)
(417, 64) -> (433, 194)
(433, 194) -> (443, 330)
(443, 330) -> (451, 293)
(451, 293) -> (453, 366)
(453, 366) -> (456, 330)
(456, 330) -> (480, 473)
(480, 473) -> (546, 197)
(546, 197) -> (569, 238)
(569, 238) -> (581, 230)
(581, 230) -> (585, 103)
(585, 103) -> (647, 311)
(647, 311) -> (695, 132)
(695, 132) -> (700, 179)
(700, 179) -> (731, 312)
(731, 312) -> (777, 316)
(777, 316) -> (796, 307)
(796, 307) -> (827, 239)
(827, 239) -> (856, 173)
(856, 173) -> (864, 240)
(864, 240) -> (876, 377)
(876, 377) -> (880, 158)
(880, 158) -> (881, 261)
(881, 261) -> (896, 275)
(896, 275) -> (920, 92)
(920, 92) -> (938, 251)
(938, 251) -> (974, 211)
(974, 211) -> (1001, 121)
(1001, 121) -> (1026, 181)
(1026, 181) -> (1078, 172)
(1078, 172) -> (1103, 112)
(1103, 112) -> (1162, 115)
(1162, 115) -> (1193, 196)
(1193, 196) -> (1196, 222)
(1196, 222) -> (1209, 331)
(1209, 331) -> (1216, 238)
(1216, 238) -> (1243, 576)
(1243, 576) -> (1365, 43)
