Vertices: 100
Top chain length: 56
Bottom chain length: 44
=============TOP CHAIN VERTICES=============
0: (13, 110)
1: (13, 6)
4: (78, 98)
8: (105, 267)
9: (111, 71)
12: (191, 49)
13: (206, 175)
15: (236, 168)
17: (299, 164)
20: (327, 69)
22: (376, 46)
25: (417, 301)
28: (479, 155)
31: (574, 72)
32: (595, 161)
33: (606, 81)
34: (621, 185)
36: (686, 231)
37: (691, 21)
39: (716, 66)
42: (762, 34)
44: (763, 269)
47: (870, 97)
49: (897, 59)
50: (918, 84)
51: (925, 19)
53: (976, 95)
54: (978, 16)
55: (1013, 152)
56: (1029, 74)
57: (1075, 44)
60: (1156, 22)
61: (1164, 34)
63: (1182, 182)
64: (1212, 47)
70: (1256, 3)
71: (1263, 100)
73: (1277, 2)
77: (1330, 158)
79: (1359, 126)
81: (1395, 199)
85: (1441, 138)
86: (1464, 43)
87: (1480, 75)
88: (1484, 324)
89: (1498, 19)
90: (1525, 18)
91: (1528, 232)
92: (1583, 115)
93: (1638, 19)
94: (1662, 4)
95: (1731, 56)
96: (1784, 109)
97: (1803, 70)
98: (1819, 83)
99: (1828, 203)
===========BOTTOM CHAIN VERTICES============
2: (42, 205)
3: (49, 234)
5: (79, 170)
6: (92, 284)
7: (93, 333)
10: (164, 81)
11: (170, 147)
14: (216, 185)
16: (245, 178)
18: (308, 303)
19: (325, 144)
21: (333, 229)
23: (388, 187)
24: (408, 248)
26: (425, 416)
27: (471, 254)
29: (503, 227)
30: (537, 198)
35: (635, 245)
38: (692, 235)
40: (724, 245)
41: (761, 148)
43: (762, 40)
45: (763, 360)
46: (862, 125)
48: (883, 97)
52: (964, 211)
58: (1079, 156)
59: (1136, 73)
62: (1172, 179)
65: (1224, 216)
66: (1240, 44)
67: (1247, 54)
68: (1251, 92)
69: (1253, 369)
72: (1269, 236)
74: (1309, 120)
75: (1314, 563)
76: (1327, 175)
78: (1340, 174)
80: (1377, 184)
82: (1418, 316)
83: (1420, 269)
84: (1432, 385)
==================EDGES=====================
(13, 110) -> (13, 6)
(13, 6) -> (78, 98)
(78, 98) -> (105, 267)
(105, 267) -> (111, 71)
(111, 71) -> (191, 49)
(191, 49) -> (206, 175)
(206, 175) -> (236, 168)
(236, 168) -> (299, 164)
(299, 164) -> (327, 69)
(327, 69) -> (376, 46)
(376, 46) -> (417, 301)
(417, 301) -> (479, 155)
(479, 155) -> (574, 72)
(574, 72) -> (595, 161)
(595, 161) -> (606, 81)
(606, 81) -> (621, 185)
(621, 185) -> (686, 231)
(686, 231) -> (691, 21)
(691, 21) -> (716, 66)
(716, 66) -> (762, 34)
(762, 34) -> (763, 269)
(763, 269) -> (870, 97)
(870, 97) -> (897, 59)
(897, 59) -> (918, 84)
(918, 84) -> (925, 19)
(925, 19) -> (976, 95)
(976, 95) -> (978, 16)
(978, 16) -> (1013, 152)
(1013, 152) -> (1029, 74)
(1029, 74) -> (1075, 44)
(1075, 44) -> (1156, 22)
(1156, 22) -> (1164, 34)
(1164, 34) -> (1182, 182)
(1182, 182) -> (1212, 47)
(1212, 47) -> (1256, 3)
(1256, 3) -> (1263, 100)
(1263, 100) -> (1277, 2)
(1277, 2) -> (1330, 158)
(1330, 158) -> (1359, 126)
(1359, 126) -> (1395, 199)
(1395, 199) -> (1441, 138)
(1441, 138) -> (1464, 43)
(1464, 43) -> (1480, 75)
(1480, 75) -> (1484, 324)
(1484, 324) -> (1498, 19)
(1498, 19) -> (1525, 18)
(1525, 18) -> (1528, 232)
(1528, 232) -> (1583, 115)
(1583, 115) -> (1638, 19)
(1638, 19) -> (1662, 4)
(1662, 4) -> (1731, 56)
(1731, 56) -> (1784, 109)
(1784, 109) -> (1803, 70)
(1803, 70) -> (1819, 83)
(1819, 83) -> (1828, 203)
(13, 110) -> (42, 205)
(42, 205) -> (49, 234)
(49, 234) -> (79, 170)
(79, 170) -> (92, 284)
(92, 284) -> (93, 333)
(93, 333) -> (164, 81)
(164, 81) -> (170, 147)
(170, 147) -> (216, 185)
(216, 185) -> (245, 178)
(245, 178) -> (308, 303)
(308, 303) -> (325, 144)
(325, 144) -> (333, 229)
(333, 229) -> (388, 187)
(388, 187) -> (408, 248)
(408, 248) -> (425, 416)
(425, 416) -> (471, 254)
(471, 254) -> (503, 227)
(503, 227) -> (537, 198)
(537, 198) -> (635, 245)
(635, 245) -> (692, 235)
(692, 235) -> (724, 245)
(724, 245) -> (761, 148)
(761, 148) -> (762, 40)
(762, 40) -> (763, 360)
(763, 360) -> (862, 125)
(862, 125) -> (883, 97)
(883, 97) -> (964, 211)
(964, 211) -> (1079, 156)
(1079, 156) -> (1136, 73)
(1136, 73) -> (1172, 179)
(1172, 179) -> (1224, 216)
(1224, 216) -> (1240, 44)
(1240, 44) -> (1247, 54)
(1247, 54) -> (1251, 92)
(1251, 92) -> (1253, 369)
(1253, 369) -> (1269, 236)
(1269, 236) -> (1309, 120)
(1309, 120) -> (1314, 563)
(1314, 563) -> (1327, 175)
(1327, 175) -> (1340, 174)
(1340, 174) -> (1377, 184)
(1377, 184) -> (1418, 316)
(1418, 316) -> (1420, 269)
(1420, 269) -> (1432, 385)
(1432, 385) -> (1828, 203)
