Vertices: 100
Top chain length: 35
Bottom chain length: 65
=============TOP CHAIN VERTICES=============
0: (51, 409)
1: (51, 142)
3: (70, 75)
5: (88, 10)
8: (127, 41)
10: (152, 80)
12: (182, 41)
17: (251, 142)
18: (292, 212)
19: (309, 160)
24: (369, 190)
32: (445, 54)
34: (494, 151)
35: (555, 128)
38: (617, 57)
40: (632, 88)
41: (651, 32)
45: (693, 169)
47: (761, 85)
50: (776, 85)
51: (795, 237)
54: (843, 293)
58: (940, 43)
62: (954, 22)
66: (992, 93)
68: (1047, 132)
70: (1081, 50)
71: (1086, 45)
74: (1120, 99)
76: (1145, 44)
78: (1188, 18)
79: (1198, 40)
82: (1281, 99)
83: (1293, 71)
87: (1357, 48)
===========BOTTOM CHAIN VERTICES============
2: (65, 101)
4: (75, 135)
6: (110, 71)
7: (116, 59)
9: (134, 292)
11: (169, 95)
13: (183, 114)
14: (187, 49)
15: (196, 306)
16: (222, 108)
20: (309, 258)
21: (348, 352)
22: (363, 204)
23: (366, 350)
25: (385, 181)
26: (406, 231)
27: (412, 324)
28: (428, 116)
29: (437, 248)
30: (440, 133)
31: (444, 266)
33: (484, 262)
36: (564, 156)
37: (603, 168)
39: (624, 94)
42: (656, 237)
43: (670, 110)
44: (683, 424)
46: (706, 176)
48: (770, 110)
49: (773, 116)
52: (803, 360)
53: (831, 294)
55: (843, 333)
56: (893, 227)
57: (924, 110)
59: (940, 105)
60: (951, 84)
61: (953, 96)
63: (957, 73)
64: (968, 225)
65: (974, 247)
67: (1035, 128)
69: (1078, 269)
72: (1089, 219)
73: (1114, 193)
75: (1121, 160)
77: (1155, 92)
80: (1245, 151)
81: (1267, 196)
84: (1308, 112)
85: (1316, 100)
86: (1348, 187)
88: (1370, 64)
89: (1373, 163)
90: (1379, 224)
91: (1419, 170)
92: (1423, 96)
93: (1471, 58)
94: (1483, 168)
95: (1530, 261)
96: (1577, 160)
97: (1591, 202)
98: (1639, 43)
99: (1701, 34)
==================EDGES=====================
(51, 409) -> (51, 142)
(51, 142) -> (70, 75)
(70, 75) -> (88, 10)
(88, 10) -> (127, 41)
(127, 41) -> (152, 80)
(152, 80) -> (182, 41)
(182, 41) -> (251, 142)
(251, 142) -> (292, 212)
(292, 212) -> (309, 160)
(309, 160) -> (369, 190)
(369, 190) -> (445, 54)
(445, 54) -> (494, 151)
(494, 151) -> (555, 128)
(555, 128) -> (617, 57)
(617, 57) -> (632, 88)
(632, 88) -> (651, 32)
(651, 32) -> (693, 169)
(693, 169) -> (761, 85)
(761, 85) -> (776, 85)
(776, 85) -> (795, 237)
(795, 237) -> (843, 293)
(843, 293) -> (940, 43)
(940, 43) -> (954, 22)
(954, 22) -> (992, 93)
(992, 93) -> (1047, 132)
(1047, 132) -> (1081, 50)
(1081, 50) -> (1086, 45)
(1086, 45) -> (1120, 99)
(1120, 99) -> (1145, 44)
(1145, 44) -> (1188, 18)
(1188, 18) -> (1198, 40)
(1198, 40) -> (1281, 99)
(1281, 99) -> (1293, 71)
(1293, 71) -> (1357, 48)
(51, 409) -> (65, 101)
(65, 101) -> (75, 135)
(75, 135) -> (110, 71)
(110, 71) -> (116, 59)
(116, 59) -> (134, 292)
(134, 292) -> (169, 95)
(169, 95) -> (183, 114)
(183, 114) -> (187, 49)
(187, 49) -> (196, 306)
(196, 306) -> (222, 108)
(222, 108) -> (309, 258)
(309, 258) -> (348, 352)
(348, 352) -> (363, 204)
(363, 204) -> (366, 350)
(366, 350) -> (385, 181)
(385, 181) -> (406, 231)
(406, 231) -> (412, 324)
(412, 324) -> (428, 116)
(428, 116) -> (437, 248)
(437, 248) -> (440, 133)
(440, 133) -> (444, 266)
(444, 266) -> (484, 262)
(484, 262) -> (564, 156)
(564, 156) -> (603, 168)
(603, 168) -> (624, 94)
(624, 94) -> (656, 237)
(656, 237) -> (670, 110)
(670, 110) -> (683, 424)
(683, 424) -> (706, 176)
(706, 176) -> (770, 110)
(770, 110) -> (773, 116)
(773, 116) -> (803, 360)
(803, 360) -> (831, 294)
(831, 294) -> (843, 333)
(843, 333) -> (893, 227)
(893, 227) -> (924, 110)
(924, 110) -> (940, 105)
(940, 105) -> (951, 84)
(951, 84) -> (953, 96)
(953, 96) -> (957, 73)
(957, 73) -> (968, 225)
(968, 225) -> (974, 247)
(974, 247) -> (1035, 128)
(1035, 128) -> (1078, 269)
(1078, 269) -> (1089, 219)
(1089, 219) -> (1114, 193)
(1114, 193) -> (1121, 160)
(1121, 160) -> (1155, 92)
(1155, 92) -> (1245, 151)
(1245, 151) -> (1267, 196)
(1267, 196) -> (1308, 112)
(1308, 112) -> (1316, 100)
(1316, 100) -> (1348, 187)
(1348, 187) -> (1370, 64)
(1370, 64) -> (1373, 163)
(1373, 163) -> (1379, 224)
(1379, 224) -> (1419, 170)
(1419, 170) -> (1423, 96)
(1423, 96) -> (1471, 58)
(1471, 58) -> (1483, 168)
(1483, 168) -> (1530, 261)
(1530, 261) -> (1577, 160)
(1577, 160) -> (1591, 202)
(1591, 202) -> (1639, 43)
(1639, 43) -> (1701, 34)
(1701, 34) -> (1357, 48)
