Vertices: 100
Top chain length: 41
Bottom chain length: 59
=============TOP CHAIN VERTICES=============
0: (61, 72)
1: (61, 31)
5: (101, 218)
6: (106, 1)
7: (115, 187)
10: (188, 2)
11: (191, 115)
14: (202, 139)
18: (255, 216)
24: (283, 440)
26: (289, 71)
27: (299, 177)
28: (306, 18)
29: (344, 255)
31: (364, 12)
32: (375, 189)
35: (429, 12)
37: (456, 83)
41: (523, 7)
45: (550, 182)
49: (578, 274)
52: (633, 167)
54: (643, 382)
56: (666, 36)
57: (721, 51)
58: (744, 24)
60: (771, 45)
62: (779, 178)
64: (821, 86)
67: (844, 114)
69: (864, 204)
71: (876, 33)
73: (904, 47)
75: (924, 65)
80: (946, 216)
81: (976, 104)
83: (1014, 15)
85: (1055, 101)
88: (1132, 66)
90: (1157, 5)
92: (1224, 41)
===========BOTTOM CHAIN VERTICES============
2: (63, 176)
3: (69, 106)
4: (91, 228)
8: (115, 240)
9: (144, 154)
12: (191, 376)
13: (197, 287)
15: (229, 450)
16: (236, 214)
17: (239, 290)
19: (258, 284)
20: (259, 315)
21: (267, 393)
22: (269, 378)
23: (277, 416)
25: (287, 495)
30: (351, 287)
33: (400, 158)
34: (427, 76)
36: (431, 49)
38: (491, 194)
39: (511, 58)
40: (522, 111)
42: (530, 76)
43: (531, 172)
44: (538, 167)
46: (559, 215)
47: (560, 248)
48: (571, 396)
50: (587, 434)
51: (620, 278)
53: (633, 325)
55: (647, 464)
59: (761, 422)
61: (773, 166)
63: (784, 239)
65: (826, 163)
66: (833, 336)
68: (851, 430)
70: (870, 142)
72: (882, 132)
74: (905, 65)
76: (926, 140)
77: (933, 147)
78: (935, 162)
79: (939, 240)
82: (1008, 120)
84: (1035, 131)
86: (1092, 106)
87: (1098, 91)
89: (1148, 194)
91: (1186, 56)
93: (1230, 47)
94: (1236, 103)
95: (1250, 125)
96: (1297, 135)
97: (1325, 127)
98: (1349, 361)
99: (1388, 59)
==================EDGES=====================
(61, 72) -> (61, 31)
(61, 31) -> (101, 218)
(101, 218) -> (106, 1)
(106, 1) -> (115, 187)
(115, 187) -> (188, 2)
(188, 2) -> (191, 115)
(191, 115) -> (202, 139)
(202, 139) -> (255, 216)
(255, 216) -> (283, 440)
(283, 440) -> (289, 71)
(289, 71) -> (299, 177)
(299, 177) -> (306, 18)
(306, 18) -> (344, 255)
(344, 255) -> (364, 12)
(364, 12) -> (375, 189)
(375, 189) -> (429, 12)
(429, 12) -> (456, 83)
(456, 83) -> (523, 7)
(523, 7) -> (550, 182)
(550, 182) -> (578, 274)
(578, 274) -> (633, 167)
(633, 167) -> (643, 382)
(643, 382) -> (666, 36)
(666, 36) -> (721, 51)
(721, 51) -> (744, 24)
(744, 24) -> (771, 45)
(771, 45) -> (779, 178)
(779, 178) -> (821, 86)
(821, 86) -> (844, 114)
(844, 114) -> (864, 204)
(864, 204) -> (876, 33)
(876, 33) -> (904, 47)
(904, 47) -> (924, 65)
(924, 65) -> (946, 216)
(946, 216) -> (976, 104)
(976, 104) -> (1014, 15)
(1014, 15) -> (1055, 101)
(1055, 101) -> (1132, 66)
(1132, 66) -> (1157, 5)
(1157, 5) -> (1224, 41)
(61, 72) -> (63, 176)
(63, 176) -> (69, 106)
(69, 106) -> (91, 228)
(91, 228) -> (115, 240)
(115, 240) -> (144, 154)
(144, 154) -> (191, 376)
(191, 376) -> (197, 287)
(197, 287) -> (229, 450)
(229, 450) -> (236, 214)
(236, 214) -> (239, 290)
(239, 290) -> (258, 284)
(258, 284) -> (259, 315)
(259, 315) -> (267, 393)
(267, 393) -> (269, 378)
(269, 378) -> (277, 416)
(277, 416) -> (287, 495)
(287, 495) -> (351, 287)
(351, 287) -> (400, 158)
(400, 158) -> (427, 76)
(427, 76) -> (431, 49)
(431, 49) -> (491, 194)
(491, 194) -> (511, 58)
(511, 58) -> (522, 111)
(522, 111) -> (530, 76)
(530, 76) -> (531, 172)
(531, 172) -> (538, 167)
(538, 167) -> (559, 215)
(559, 215) -> (560, 248)
(560, 248) -> (571, 396)
(571, 396) -> (587, 434)
(587, 434) -> (620, 278)
(620, 278) -> (633, 325)
(633, 325) -> (647, 464)
(647, 464) -> (761, 422)
(761, 422) -> (773, 166)
(773, 166) -> (784, 239)
(784, 239) -> (826, 163)
(826, 163) -> (833, 336)
(833, 336) -> (851, 430)
(851, 430) -> (870, 142)
(870, 142) -> (882, 132)
(882, 132) -> (905, 65)
(905, 65) -> (926, 140)
(926, 140) -> (933, 147)
(933, 147) -> (935, 162)
(935, 162) -> (939, 240)
(939, 240) -> (1008, 120)
(1008, 120) -> (1035, 131)
(1035, 131) -> (1092, 106)
(1092, 106) -> (1098, 91)
(1098, 91) -> (1148, 194)
(1148, 194) -> (1186, 56)
(1186, 56) -> (1230, 47)
(1230, 47) -> (1236, 103)
(1236, 103) -> (1250, 125)
(1250, 125) -> (1297, 135)
(1297, 135) -> (1325, 127)
(1325, 127) -> (1349, 361)
(1349, 361) -> (1388, 59)
(1388, 59) -> (1224, 41)
