Vertices: 100
Top chain length: 27
Bottom chain length: 73
=============TOP CHAIN VERTICES=============
0: (43, 110)
1: (43, 9)
4: (83, 131)
9: (152, 354)
10: (157, 94)
11: (199, 98)
13: (232, 50)
16: (253, 29)
19: (268, 156)
21: (340, 130)
23: (420, 177)
24: (424, 16)
29: (467, 188)
30: (472, 19)
33: (538, 74)
35: (539, 194)
37: (558, 7)
41: (602, 77)
44: (609, 369)
45: (637, 42)
50: (738, 364)
51: (780, 90)
53: (798, 135)
56: (861, 51)
59: (910, 1)
61: (939, 109)
63: (952, 8)
===========BOTTOM CHAIN VERTICES============
2: (52, 344)
3: (54, 96)
5: (89, 187)
6: (116, 330)
7: (129, 286)
8: (136, 369)
12: (202, 427)
14: (245, 99)
15: (251, 170)
17: (253, 155)
18: (265, 190)
20: (339, 152)
22: (400, 430)
25: (445, 192)
26: (450, 172)
27: (452, 164)
28: (462, 207)
31: (479, 192)
32: (530, 84)
34: (538, 134)
36: (539, 241)
38: (581, 211)
39: (588, 77)
40: (592, 172)
42: (602, 118)
43: (607, 382)
46: (650, 131)
47: (704, 400)
48: (713, 304)
49: (725, 481)
52: (784, 139)
54: (808, 188)
55: (815, 130)
57: (881, 55)
58: (906, 34)
60: (925, 406)
62: (944, 210)
64: (1021, 156)
65: (1040, 301)
66: (1095, 51)
67: (1113, 31)
68: (1204, 36)
69: (1210, 7)
70: (1213, 103)
71: (1263, 72)
72: (1271, 140)
73: (1280, 262)
74: (1310, 276)
75: (1323, 19)
76: (1367, 36)
77: (1438, 79)
78: (1454, 193)
79: (1526, 6)
80: (1541, 148)
81: (1573, 161)
82: (1574, 15)
83: (1616, 26)
84: (1657, 77)
85: (1704, 66)
86: (1749, 42)
87: (1768, 261)
88: (1830, 115)
89: (1876, 102)
90: (1913, 245)
91: (1926, 218)
92: (1932, 117)
93: (1993, 112)
94: (2003, 72)
95: (2009, 69)
96: (2056, 116)
97: (2109, 88)
98: (2113, 41)
99: (2122, 3)
==================EDGES=====================
(43, 110) -> (43, 9)
(43, 9) -> (83, 131)
(83, 131) -> (152, 354)
(152, 354) -> (157, 94)
(157, 94) -> (199, 98)
(199, 98) -> (232, 50)
(232, 50) -> (253, 29)
(253, 29) -> (268, 156)
(268, 156) -> (340, 130)
(340, 130) -> (420, 177)
(420, 177) -> (424, 16)
(424, 16) -> (467, 188)
(467, 188) -> (472, 19)
(472, 19) -> (538, 74)
(538, 74) -> (539, 194)
(539, 194) -> (558, 7)
(558, 7) -> (602, 77)
(602, 77) -> (609, 369)
(609, 369) -> (637, 42)
(637, 42) -> (738, 364)
(738, 364) -> (780, 90)
(780, 90) -> (798, 135)
(798, 135) -> (861, 51)
(861, 51) -> (910, 1)
(910, 1) -> (939, 109)
(939, 109) -> (952, 8)
(43, 110) -> (52, 344)
(52, 344) -> (54, 96)
(54, 96) -> (89, 187)
(89, 187) -> (116, 330)
(116, 330) -> (129, 286)
(129, 286) -> (136, 369)
(136, 369) -> (202, 427)
(202, 427) -> (245, 99)
(245, 99) -> (251, 170)
(251, 170) -> (253, 155)
(253, 155) -> (265, 190)
(265, 190) -> (339, 152)
(339, 152) -> (400, 430)
(400, 430) -> (445, 192)
(445, 192) -> (450, 172)
(450, 172) -> (452, 164)
(452, 164) -> (462, 207)
(462, 207) -> (479, 192)
(479, 192) -> (530, 84)
(530, 84) -> (538, 134)
(538, 134) -> (539, 241)
(539, 241) -> (581, 211)
(581, 211) -> (588, 77)
(588, 77) -> (592, 172)
(592, 172) -> (602, 118)
(602, 118) -> (607, 382)
(607, 382) -> (650, 131)
(650, 131) -> (704, 400)
(704, 400) -> (713, 304)
(713, 304) -> (725, 481)
(725, 481) -> (784, 139)
(784, 139) -> (808, 188)
(808, 188) -> (815, 130)
(815, 130) -> (881, 55)
(881, 55) -> (906, 34)
(906, 34) -> (925, 406)
(925, 406) -> (944, 210)
(944, 210) -> (1021, 156)
(1021, 156) -> (1040, 301)
(1040, 301) -> (1095, 51)
(1095, 51) -> (1113, 31)
(1113, 31) -> (1204, 36)
(1204, 36) -> (1210, 7)
(1210, 7) -> (1213, 103)
(1213, 103) -> (1263, 72)
(1263, 72) -> (1271, 140)
(1271, 140) -> (1280, 262)
(1280, 262) -> (1310, 276)
(1310, 276) -> (1323, 19)
(1323, 19) -> (1367, 36)
(1367, 36) -> (1438, 79)
(1438, 79) -> (1454, 193)
(1454, 193) -> (1526, 6)
(1526, 6) -> (1541, 148)
(1541, 148) -> (1573, 161)
(1573, 161) -> (1574, 15)
(1574, 15) -> (1616, 26)
(1616, 26) -> (1657, 77)
(1657, 77) -> (1704, 66)
(1704, 66) -> (1749, 42)
(1749, 42) -> (1768, 261)
(1768, 261) -> (1830, 115)
(1830, 115) -> (1876, 102)
(1876, 102) -> (1913, 245)
(1913, 245) -> (1926, 218)
(1926, 218) -> (1932, 117)
(1932, 117) -> (1993, 112)
(1993, 112) -> (2003, 72)
(2003, 72) -> (2009, 69)
(2009, 69) -> (2056, 116)
(2056, 116) -> (2109, 88)
(2109, 88) -> (2113, 41)
(2113, 41) -> (2122, 3)
(2122, 3) -> (952, 8)
