Vertices: 50
Top chain length: 24
Bottom chain length: 26
=============TOP CHAIN VERTICES=============
0: (18, 169)
1: (18, 2)
2: (47, 73)
4: (80, 115)
6: (113, 226)
8: (133, 76)
11: (158, 159)
12: (177, 221)
14: (215, 284)
16: (241, 47)
18: (304, 67)
20: (306, 81)
22: (322, 39)
24: (365, 82)
25: (371, 39)
28: (392, 127)
35: (511, 272)
40: (593, 121)
42: (596, 140)
44: (612, 394)
45: (613, 193)
47: (631, 166)
48: (663, 2)
49: (739, 108)
===========BOTTOM CHAIN VERTICES============
3: (59, 198)
5: (88, 401)
7: (116, 410)
9: (134, 121)
10: (151, 240)
13: (186, 377)
15: (238, 500)
17: (281, 222)
19: (304, 224)
21: (307, 96)
23: (364, 264)
26: (376, 140)
27: (384, 406)
29: (395, 330)
30: (412, 248)
31: (446, 258)
32: (475, 252)
33: (497, 293)
34: (501, 306)
36: (518, 351)
37: (570, 498)
38: (585, 223)
39: (590, 166)
41: (593, 152)
43: (600, 252)
46: (617, 530)
==================EDGES=====================
(18, 169) -> (18, 2)
(18, 2) -> (47, 73)
(47, 73) -> (80, 115)
(80, 115) -> (113, 226)
(113, 226) -> (133, 76)
(133, 76) -> (158, 159)
(158, 159) -> (177, 221)
(177, 221) -> (215, 284)
(215, 284) -> (241, 47)
(241, 47) -> (304, 67)
(304, 67) -> (306, 81)
(306, 81) -> (322, 39)
(322, 39) -> (365, 82)
(365, 82) -> (371, 39)
(371, 39) -> (392, 127)
(392, 127) -> (511, 272)
(511, 272) -> (593, 121)
(593, 121) -> (596, 140)
(596, 140) -> (612, 394)
(612, 394) -> (613, 193)
(613, 193) -> (631, 166)
(631, 166) -> (663, 2)
(663, 2) -> (739, 108)
(18, 169) -> (59, 198)
(59, 198) -> (88, 401)
(88, 401) -> (116, 410)
(116, 410) -> (134, 121)
(134, 121) -> (151, 240)
(151, 240) -> (186, 377)
(186, 377) -> (238, 500)
(238, 500) -> (281, 222)
(281, 222) -> (304, 224)
(304, 224) -> (307, 96)
(307, 96) -> (364, 264)
(364, 264) -> (376, 140)
(376, 140) -> (384, 406)
(384, 406) -> (395, 330)
(395, 330) -> (412, 248)
(412, 248) -> (446, 258)
(446, 258) -> (475, 252)
(475, 252) -> (497, 293)
(497, 293) -> (501, 306)
(501, 306) -> (518, 351)
(518, 351) -> (570, 498)
(570, 498) -> (585, 223)
(585, 223) -> (590, 166)
(590, 166) -> (593, 152)
(593, 152) -> (600, 252)
(600, 252) -> (617, 530)
(617, 530) -> (739, 108)
