Vertices: 100
Top chain length: 67
Bottom chain length: 33
=============TOP CHAIN VERTICES=============
0: (37, 159)
1: (37, 123)
2: (55, 151)
4: (61, 75)
5: (68, 256)
8: (119, 182)
10: (157, 250)
12: (207, 155)
13: (210, 57)
16: (244, 101)
18: (277, 183)
19: (302, 156)
21: (314, 5)
22: (327, 151)
23: (351, 32)
29: (396, 165)
33: (426, 327)
35: (464, 87)
37: (470, 99)
38: (513, 1)
40: (585, 73)
42: (592, 30)
44: (672, 37)
47: (710, 181)
50: (729, 38)
53: (801, 139)
54: (807, 21)
55: (836, 60)
57: (874, 5)
58: (920, 106)
60: (944, 62)
61: (966, 8)
64: (1009, 160)
66: (1029, 42)
67: (1053, 226)
68: (1056, 35)
69: (1150, 7)
70: (1217, 155)
71: (1247, 92)
72: (1268, 26)
73: (1306, 51)
74: (1326, 203)
75: (1360, 55)
76: (1429, 198)
77: (1467, 32)
78: (1526, 36)
79: (1554, 135)
80: (1571, 18)
81: (1572, 103)
82: (1584, 40)
83: (1675, 132)
84: (1691, 115)
85: (1708, 173)
86: (1737, 27)
87: (1767, 40)
88: (1848, 79)
89: (1853, 160)
90: (1936, 196)
91: (1958, 139)
92: (2023, 45)
93: (2048, 28)
94: (2071, 15)
95: (2076, 8)
96: (2102, 179)
97: (2131, 63)
98: (2147, 154)
99: (2147, 216)
===========BOTTOM CHAIN VERTICES============
3: (60, 284)
6: (71, 354)
7: (91, 278)
9: (138, 268)
11: (206, 217)
14: (224, 101)
15: (242, 150)
17: (263, 198)
20: (308, 172)
24: (358, 165)
25: (365, 135)
26: (389, 158)
27: (391, 250)
28: (395, 191)
30: (405, 271)
31: (414, 299)
32: (421, 326)
34: (435, 445)
36: (466, 131)
39: (551, 51)
41: (585, 146)
43: (659, 79)
45: (679, 104)
46: (692, 142)
48: (714, 272)
49: (728, 61)
51: (747, 208)
52: (781, 112)
56: (853, 221)
59: (942, 87)
62: (978, 91)
63: (1001, 323)
65: (1027, 283)
==================EDGES=====================
(37, 159) -> (37, 123)
(37, 123) -> (55, 151)
(55, 151) -> (61, 75)
(61, 75) -> (68, 256)
(68, 256) -> (119, 182)
(119, 182) -> (157, 250)
(157, 250) -> (207, 155)
(207, 155) -> (210, 57)
(210, 57) -> (244, 101)
(244, 101) -> (277, 183)
(277, 183) -> (302, 156)
(302, 156) -> (314, 5)
(314, 5) -> (327, 151)
(327, 151) -> (351, 32)
(351, 32) -> (396, 165)
(396, 165) -> (426, 327)
(426, 327) -> (464, 87)
(464, 87) -> (470, 99)
(470, 99) -> (513, 1)
(513, 1) -> (585, 73)
(585, 73) -> (592, 30)
(592, 30) -> (672, 37)
(672, 37) -> (710, 181)
(710, 181) -> (729, 38)
(729, 38) -> (801, 139)
(801, 139) -> (807, 21)
(807, 21) -> (836, 60)
(836, 60) -> (874, 5)
(874, 5) -> (920, 106)
(920, 106) -> (944, 62)
(944, 62) -> (966, 8)
(966, 8) -> (1009, 160)
(1009, 160) -> (1029, 42)
(1029, 42) -> (1053, 226)
(1053, 226) -> (1056, 35)
(1056, 35) -> (1150, 7)
(1150, 7) -> (1217, 155)
(1217, 155) -> (1247, 92)
(1247, 92) -> (1268, 26)
(1268, 26) -> (1306, 51)
(1306, 51) -> (1326, 203)
(1326, 203) -> (1360, 55)
(1360, 55) -> (1429, 198)
(1429, 198) -> (1467, 32)
(1467, 32) -> (1526, 36)
(1526, 36) -> (1554, 135)
(1554, 135) -> (1571, 18)
(1571, 18) -> (1572, 103)
(1572, 103) -> (1584, 40)
(1584, 40) -> (1675, 132)
(1675, 132) -> (1691, 115)
(1691, 115) -> (1708, 173)
(1708, 173) -> (1737, 27)
(1737, 27) -> (1767, 40)
(1767, 40) -> (1848, 79)
(1848, 79) -> (1853, 160)
(1853, 160) -> (1936, 196)
(1936, 196) -> (1958, 139)
(1958, 139) -> (2023, 45)
(2023, 45) -> (2048, 28)
(2048, 28) -> (2071, 15)
(2071, 15) -> (2076, 8)
(2076, 8) -> (2102, 179)
(2102, 179) -> (2131, 63)
(2131, 63) -> (2147, 154)
(2147, 154) -> (2147, 216)
(37, 159) -> (60, 284)
(60, 284) -> (71, 354)
(71, 354) -> (91, 278)
(91, 278) -> (138, 268)
(138, 268) -> (206, 217)
(206, 217) -> (224, 101)
(224, 101) -> (242, 150)
(242, 150) -> (263, 198)
(263, 198) -> (308, 172)
(308, 172) -> (358, 165)
(358, 165) -> (365, 135)
(365, 135) -> (389, 158)
(389, 158) -> (391, 250)
(391, 250) -> (395, 191)
(395, 191) -> (405, 271)
(405, 271) -> (414, 299)
(414, 299) -> (421, 326)
(421, 326) -> (435, 445)
(435, 445) -> (466, 131)
(466, 131) -> (551, 51)
(551, 51) -> (585, 146)
(585, 146) -> (659, 79)
(659, 79) -> (679, 104)
(679, 104) -> (692, 142)
(692, 142) -> (714, 272)
(714, 272) -> (728, 61)
(728, 61) -> (747, 208)
(747, 208) -> (781, 112)
(781, 112) -> (853, 221)
(853, 221) -> (942, 87)
(942, 87) -> (978, 91)
(978, 91) -> (1001, 323)
(1001, 323) -> (1027, 283)
(1027, 283) -> (2147, 216)
