Vertices: 50
Top chain length: 28
Bottom chain length: 22
=============TOP CHAIN VERTICES=============
0: (59, 67)
1: (59, 44)
2: (95, 91)
4: (165, 83)
5: (202, 68)
6: (205, 223)
9: (231, 327)
10: (245, 162)
11: (260, 351)
13: (344, 89)
15: (381, 190)
16: (391, 225)
18: (404, 113)
20: (428, 66)
21: (447, 96)
24: (512, 269)
25: (527, 227)
27: (577, 112)
31: (597, 308)
32: (616, 28)
38: (738, 294)
39: (749, 144)
41: (792, 89)
42: (831, 44)
44: (862, 194)
45: (877, 165)
46: (885, 200)
47: (903, 142)
===========BOTTOM CHAIN VERTICES============
3: (132, 247)
7: (212, 299)
8: (229, 347)
12: (274, 443)
14: (346, 180)
17: (401, 270)
19: (410, 102)
22: (462, 293)
23: (464, 295)
26: (534, 274)
28: (579, 321)
29: (584, 237)
30: (588, 351)
33: (639, 150)
34: (654, 111)
35: (656, 167)
36: (705, 265)
37: (726, 403)
40: (791, 108)
43: (858, 254)
48: (944, 195)
49: (983, 173)
==================EDGES=====================
(59, 67) -> (59, 44)
(59, 44) -> (95, 91)
(95, 91) -> (165, 83)
(165, 83) -> (202, 68)
(202, 68) -> (205, 223)
(205, 223) -> (231, 327)
(231, 327) -> (245, 162)
(245, 162) -> (260, 351)
(260, 351) -> (344, 89)
(344, 89) -> (381, 190)
(381, 190) -> (391, 225)
(391, 225) -> (404, 113)
(404, 113) -> (428, 66)
(428, 66) -> (447, 96)
(447, 96) -> (512, 269)
(512, 269) -> (527, 227)
(527, 227) -> (577, 112)
(577, 112) -> (597, 308)
(597, 308) -> (616, 28)
(616, 28) -> (738, 294)
(738, 294) -> (749, 144)
(749, 144) -> (792, 89)
(792, 89) -> (831, 44)
(831, 44) -> (862, 194)
(862, 194) -> (877, 165)
(877, 165) -> (885, 200)
(885, 200) -> (903, 142)
(59, 67) -> (132, 247)
(132, 247) -> (212, 299)
(212, 299) -> (229, 347)
(229, 347) -> (274, 443)
(274, 443) -> (346, 180)
(346, 180) -> (401, 270)
(401, 270) -> (410, 102)
(410, 102) -> (462, 293)
(462, 293) -> (464, 295)
(464, 295) -> (534, 274)
(534, 274) -> (579, 321)
(579, 321) -> (584, 237)
(584, 237) -> (588, 351)
(588, 351) -> (639, 150)
(639, 150) -> (654, 111)
(654, 111) -> (656, 167)
(656, 167) -> (705, 265)
(705, 265) -> (726, 403)
(726, 403) -> (791, 108)
(791, 108) -> (858, 254)
(858, 254) -> (944, 195)
(944, 195) -> (983, 173)
(983, 173) -> (903, 142)
