Vertices: 100
Top chain length: 43
Bottom chain length: 57
=============TOP CHAIN VERTICES=============
0: (48, 339)
1: (48, 224)
2: (75, 67)
3: (76, 49)
4: (90, 132)
5: (121, 104)
7: (154, 51)
10: (180, 50)
11: (183, 127)
15: (210, 206)
19: (308, 57)
20: (341, 334)
24: (402, 2)
26: (404, 336)
29: (431, 9)
31: (475, 156)
36: (551, 373)
37: (593, 25)
40: (653, 103)
42: (683, 40)
45: (748, 55)
49: (770, 379)
50: (805, 32)
52: (833, 47)
55: (885, 54)
57: (901, 122)
58: (912, 17)
60: (937, 158)
64: (1020, 16)
68: (1053, 319)
70: (1099, 183)
72: (1132, 198)
73: (1143, 195)
74: (1152, 46)
76: (1158, 19)
83: (1213, 230)
85: (1228, 272)
86: (1235, 177)
87: (1251, 83)
89: (1315, 300)
93: (1356, 70)
98: (1425, 41)
99: (1425, 258)
===========BOTTOM CHAIN VERTICES============
6: (123, 119)
8: (155, 259)
9: (165, 152)
12: (195, 201)
13: (205, 258)
14: (206, 230)
16: (216, 252)
17: (283, 124)
18: (303, 411)
21: (391, 257)
22: (400, 93)
23: (401, 50)
25: (403, 176)
27: (404, 355)
28: (430, 246)
30: (458, 119)
32: (505, 379)
33: (514, 283)
34: (532, 333)
35: (549, 466)
38: (611, 53)
39: (645, 161)
41: (670, 257)
43: (716, 139)
44: (730, 82)
46: (757, 209)
47: (762, 335)
48: (763, 421)
51: (807, 178)
53: (835, 62)
54: (882, 86)
56: (890, 234)
59: (928, 115)
61: (977, 422)
62: (1002, 127)
63: (1009, 155)
65: (1030, 138)
66: (1037, 211)
67: (1040, 390)
69: (1068, 298)
71: (1110, 268)
75: (1152, 219)
77: (1165, 261)
78: (1188, 182)
79: (1194, 247)
80: (1196, 169)
81: (1204, 393)
82: (1209, 235)
84: (1217, 344)
88: (1276, 208)
90: (1326, 376)
91: (1343, 168)
92: (1348, 245)
94: (1366, 77)
95: (1375, 250)
96: (1404, 137)
97: (1419, 59)
==================EDGES=====================
(48, 339) -> (48, 224)
(48, 224) -> (75, 67)
(75, 67) -> (76, 49)
(76, 49) -> (90, 132)
(90, 132) -> (121, 104)
(121, 104) -> (154, 51)
(154, 51) -> (180, 50)
(180, 50) -> (183, 127)
(183, 127) -> (210, 206)
(210, 206) -> (308, 57)
(308, 57) -> (341, 334)
(341, 334) -> (402, 2)
(402, 2) -> (404, 336)
(404, 336) -> (431, 9)
(431, 9) -> (475, 156)
(475, 156) -> (551, 373)
(551, 373) -> (593, 25)
(593, 25) -> (653, 103)
(653, 103) -> (683, 40)
(683, 40) -> (748, 55)
(748, 55) -> (770, 379)
(770, 379) -> (805, 32)
(805, 32) -> (833, 47)
(833, 47) -> (885, 54)
(885, 54) -> (901, 122)
(901, 122) -> (912, 17)
(912, 17) -> (937, 158)
(937, 158) -> (1020, 16)
(1020, 16) -> (1053, 319)
(1053, 319) -> (1099, 183)
(1099, 183) -> (1132, 198)
(1132, 198) -> (1143, 195)
(1143, 195) -> (1152, 46)
(1152, 46) -> (1158, 19)
(1158, 19) -> (1213, 230)
(1213, 230) -> (1228, 272)
(1228, 272) -> (1235, 177)
(1235, 177) -> (1251, 83)
(1251, 83) -> (1315, 300)
(1315, 300) -> (1356, 70)
(1356, 70) -> (1425, 41)
(1425, 41) -> (1425, 258)
(48, 339) -> (123, 119)
(123, 119) -> (155, 259)
(155, 259) -> (165, 152)
(165, 152) -> (195, 201)
(195, 201) -> (205, 258)
(205, 258) -> (206, 230)
(206, 230) -> (216, 252)
(216, 252) -> (283, 124)
(283, 124) -> (303, 411)
(303, 411) -> (391, 257)
(391, 257) -> (400, 93)
(400, 93) -> (401, 50)
(401, 50) -> (403, 176)
(403, 176) -> (404, 355)
(404, 355) -> (430, 246)
(430, 246) -> (458, 119)
(458, 119) -> (505, 379)
(505, 379) -> (514, 283)
(514, 283) -> (532, 333)
(532, 333) -> (549, 466)
(549, 466) -> (611, 53)
(611, 53) -> (645, 161)
(645, 161) -> (670, 257)
(670, 257) -> (716, 139)
(716, 139) -> (730, 82)
(730, 82) -> (757, 209)
(757, 209) -> (762, 335)
(762, 335) -> (763, 421)
(763, 421) -> (807, 178)
(807, 178) -> (835, 62)
(835, 62) -> (882, 86)
(882, 86) -> (890, 234)
(890, 234) -> (928, 115)
(928, 115) -> (977, 422)
(977, 422) -> (1002, 127)
(1002, 127) -> (1009, 155)
(1009, 155) -> (1030, 138)
(1030, 138) -> (1037, 211)
(1037, 211) -> (1040, 390)
(1040, 390) -> (1068, 298)
(1068, 298) -> (1110, 268)
(1110, 268) -> (1152, 219)
(1152, 219) -> (1165, 261)
(1165, 261) -> (1188, 182)
(1188, 182) -> (1194, 247)
(1194, 247) -> (1196, 169)
(1196, 169) -> (1204, 393)
(1204, 393) -> (1209, 235)
(1209, 235) -> (1217, 344)
(1217, 344) -> (1276, 208)
(1276, 208) -> (1326, 376)
(1326, 376) -> (1343, 168)
(1343, 168) -> (1348, 245)
(1348, 245) -> (1366, 77)
(1366, 77) -> (1375, 250)
(1375, 250) -> (1404, 137)
(1404, 137) -> (1419, 59)
(1419, 59) -> (1425, 258)
