Vertices: 100
Top chain length: 48
Bottom chain length: 52
=============TOP CHAIN VERTICES=============
0: (10, 355)
1: (10, 68)
4: (52, 159)
5: (60, 79)
6: (68, 100)
9: (185, 124)
10: (191, 36)
12: (237, 162)
16: (296, 162)
18: (326, 26)
22: (393, 92)
25: (415, 152)
29: (468, 346)
32: (494, 76)
33: (515, 196)
35: (577, 41)
37: (625, 23)
38: (630, 29)
42: (669, 6)
45: (713, 52)
48: (719, 133)
49: (722, 260)
52: (771, 63)
56: (817, 64)
57: (838, 324)
60: (886, 58)
64: (908, 71)
65: (934, 36)
66: (948, 162)
69: (961, 107)
71: (1049, 20)
73: (1101, 260)
75: (1124, 12)
78: (1153, 133)
79: (1223, 131)
82: (1260, 50)
85: (1308, 219)
87: (1352, 204)
88: (1361, 0)
91: (1455, 95)
92: (1556, 168)
93: (1563, 159)
94: (1580, 95)
95: (1597, 49)
96: (1679, 162)
97: (1722, 126)
98: (1759, 3)
99: (1766, 142)
===========BOTTOM CHAIN VERTICES============
2: (12, 328)
3: (51, 183)
7: (132, 159)
8: (169, 229)
11: (197, 84)
13: (253, 224)
14: (282, 182)
15: (286, 295)
17: (304, 299)
19: (350, 78)
20: (376, 201)
21: (381, 147)
23: (396, 162)
24: (408, 229)
26: (446, 394)
27: (452, 331)
28: (467, 453)
30: (483, 271)
31: (493, 163)
34: (525, 327)
36: (596, 143)
39: (645, 135)
40: (652, 104)
41: (658, 79)
43: (708, 79)
44: (712, 65)
46: (716, 136)
47: (717, 225)
50: (722, 347)
51: (755, 188)
53: (773, 369)
54: (810, 136)
55: (812, 531)
58: (853, 264)
59: (874, 425)
61: (890, 83)
62: (898, 148)
63: (903, 159)
67: (954, 191)
68: (956, 140)
70: (987, 158)
72: (1065, 136)
74: (1123, 341)
76: (1139, 123)
77: (1147, 155)
80: (1223, 204)
81: (1244, 370)
83: (1268, 84)
84: (1278, 200)
86: (1327, 348)
89: (1382, 57)
90: (1428, 328)
==================EDGES=====================
(10, 355) -> (10, 68)
(10, 68) -> (52, 159)
(52, 159) -> (60, 79)
(60, 79) -> (68, 100)
(68, 100) -> (185, 124)
(185, 124) -> (191, 36)
(191, 36) -> (237, 162)
(237, 162) -> (296, 162)
(296, 162) -> (326, 26)
(326, 26) -> (393, 92)
(393, 92) -> (415, 152)
(415, 152) -> (468, 346)
(468, 346) -> (494, 76)
(494, 76) -> (515, 196)
(515, 196) -> (577, 41)
(577, 41) -> (625, 23)
(625, 23) -> (630, 29)
(630, 29) -> (669, 6)
(669, 6) -> (713, 52)
(713, 52) -> (719, 133)
(719, 133) -> (722, 260)
(722, 260) -> (771, 63)
(771, 63) -> (817, 64)
(817, 64) -> (838, 324)
(838, 324) -> (886, 58)
(886, 58) -> (908, 71)
(908, 71) -> (934, 36)
(934, 36) -> (948, 162)
(948, 162) -> (961, 107)
(961, 107) -> (1049, 20)
(1049, 20) -> (1101, 260)
(1101, 260) -> (1124, 12)
(1124, 12) -> (1153, 133)
(1153, 133) -> (1223, 131)
(1223, 131) -> (1260, 50)
(1260, 50) -> (1308, 219)
(1308, 219) -> (1352, 204)
(1352, 204) -> (1361, 0)
(1361, 0) -> (1455, 95)
(1455, 95) -> (1556, 168)
(1556, 168) -> (1563, 159)
(1563, 159) -> (1580, 95)
(1580, 95) -> (1597, 49)
(1597, 49) -> (1679, 162)
(1679, 162) -> (1722, 126)
(1722, 126) -> (1759, 3)
(1759, 3) -> (1766, 142)
(10, 355) -> (12, 328)
(12, 328) -> (51, 183)
(51, 183) -> (132, 159)
(132, 159) -> (169, 229)
(169, 229) -> (197, 84)
(197, 84) -> (253, 224)
(253, 224) -> (282, 182)
(282, 182) -> (286, 295)
(286, 295) -> (304, 299)
(304, 299) -> (350, 78)
(350, 78) -> (376, 201)
(376, 201) -> (381, 147)
(381, 147) -> (396, 162)
(396, 162) -> (408, 229)
(408, 229) -> (446, 394)
(446, 394) -> (452, 331)
(452, 331) -> (467, 453)
(467, 453) -> (483, 271)
(483, 271) -> (493, 163)
(493, 163) -> (525, 327)
(525, 327) -> (596, 143)
(596, 143) -> (645, 135)
(645, 135) -> (652, 104)
(652, 104) -> (658, 79)
(658, 79) -> (708, 79)
(708, 79) -> (712, 65)
(712, 65) -> (716, 136)
(716, 136) -> (717, 225)
(717, 225) -> (722, 347)
(722, 347) -> (755, 188)
(755, 188) -> (773, 369)
(773, 369) -> (810, 136)
(810, 136) -> (812, 531)
(812, 531) -> (853, 264)
(853, 264) -> (874, 425)
(874, 425) -> (890, 83)
(890, 83) -> (898, 148)
(898, 148) -> (903, 159)
(903, 159) -> (954, 191)
(954, 191) -> (956, 140)
(956, 140) -> (987, 158)
(987, 158) -> (1065, 136)
(1065, 136) -> (1123, 341)
(1123, 341) -> (1139, 123)
(1139, 123) -> (1147, 155)
(1147, 155) -> (1223, 204)
(1223, 204) -> (1244, 370)
(1244, 370) -> (1268, 84)
(1268, 84) -> (1278, 200)
(1278, 200) -> (1327, 348)
(1327, 348) -> (1382, 57)
(1382, 57) -> (1428, 328)
(1428, 328) -> (1766, 142)
