Vertices: 50
Top chain length: 33
Bottom chain length: 17
=============TOP CHAIN VERTICES=============
0: (38, 285)
1: (38, 134)
2: (47, 275)
3: (71, 256)
7: (133, 15)
9: (149, 16)
12: (151, 349)
14: (155, 17)
16: (178, 63)
17: (179, 199)
20: (227, 157)
22: (246, 39)
26: (293, 27)
29: (302, 123)
30: (326, 43)
32: (381, 66)
33: (398, 233)
34: (416, 279)
35: (420, 70)
36: (500, 370)
37: (502, 126)
38: (585, 43)
39: (599, 148)
40: (606, 9)
41: (614, 12)
42: (623, 186)
43: (624, 26)
44: (665, 8)
45: (677, 45)
46: (754, 18)
47: (833, 202)
48: (836, 52)
49: (888, 265)
===========BOTTOM CHAIN VERTICES============
4: (82, 258)
5: (107, 132)
6: (120, 117)
8: (140, 110)
10: (149, 213)
11: (150, 294)
13: (154, 564)
15: (168, 105)
18: (182, 278)
19: (196, 323)
21: (234, 124)
23: (256, 190)
24: (277, 107)
25: (289, 100)
27: (299, 173)
28: (300, 173)
31: (367, 462)
==================EDGES=====================
(38, 285) -> (38, 134)
(38, 134) -> (47, 275)
(47, 275) -> (71, 256)
(71, 256) -> (133, 15)
(133, 15) -> (149, 16)
(149, 16) -> (151, 349)
(151, 349) -> (155, 17)
(155, 17) -> (178, 63)
(178, 63) -> (179, 199)
(179, 199) -> (227, 157)
(227, 157) -> (246, 39)
(246, 39) -> (293, 27)
(293, 27) -> (302, 123)
(302, 123) -> (326, 43)
(326, 43) -> (381, 66)
(381, 66) -> (398, 233)
(398, 233) -> (416, 279)
(416, 279) -> (420, 70)
(420, 70) -> (500, 370)
(500, 370) -> (502, 126)
(502, 126) -> (585, 43)
(585, 43) -> (599, 148)
(599, 148) -> (606, 9)
(606, 9) -> (614, 12)
(614, 12) -> (623, 186)
(623, 186) -> (624, 26)
(624, 26) -> (665, 8)
(665, 8) -> (677, 45)
(677, 45) -> (754, 18)
(754, 18) -> (833, 202)
(833, 202) -> (836, 52)
(836, 52) -> (888, 265)
(38, 285) -> (82, 258)
(82, 258) -> (107, 132)
(107, 132) -> (120, 117)
(120, 117) -> (140, 110)
(140, 110) -> (149, 213)
(149, 213) -> (150, 294)
(150, 294) -> (154, 564)
(154, 564) -> (168, 105)
(168, 105) -> (182, 278)
(182, 278) -> (196, 323)
(196, 323) -> (234, 124)
(234, 124) -> (256, 190)
(256, 190) -> (277, 107)
(277, 107) -> (289, 100)
(289, 100) -> (299, 173)
(299, 173) -> (300, 173)
(300, 173) -> (367, 462)
(367, 462) -> (888, 265)
