Vertices: 50
Top chain length: 26
Bottom chain length: 24
=============TOP CHAIN VERTICES=============
0: (3, 144)
1: (3, 126)
2: (61, 253)
5: (90, 64)
7: (135, 141)
8: (196, 23)
9: (204, 84)
10: (209, 66)
14: (253, 173)
15: (258, 59)
17: (305, 18)
21: (342, 126)
25: (392, 39)
26: (394, 63)
27: (398, 25)
29: (413, 211)
33: (457, 339)
35: (485, 220)
37: (515, 17)
40: (550, 295)
41: (565, 32)
43: (608, 122)
45: (638, 33)
46: (641, 26)
47: (653, 284)
49: (678, 48)
===========BOTTOM CHAIN VERTICES============
3: (65, 337)
4: (84, 106)
6: (104, 157)
11: (211, 313)
12: (214, 114)
13: (244, 299)
16: (303, 103)
18: (312, 356)
19: (320, 115)
20: (328, 101)
22: (345, 160)
23: (373, 313)
24: (382, 127)
28: (401, 210)
30: (417, 247)
31: (428, 308)
32: (433, 278)
34: (473, 478)
36: (499, 142)
38: (522, 268)
39: (549, 385)
42: (586, 278)
44: (629, 295)
48: (664, 346)
==================EDGES=====================
(3, 144) -> (3, 126)
(3, 126) -> (61, 253)
(61, 253) -> (90, 64)
(90, 64) -> (135, 141)
(135, 141) -> (196, 23)
(196, 23) -> (204, 84)
(204, 84) -> (209, 66)
(209, 66) -> (253, 173)
(253, 173) -> (258, 59)
(258, 59) -> (305, 18)
(305, 18) -> (342, 126)
(342, 126) -> (392, 39)
(392, 39) -> (394, 63)
(394, 63) -> (398, 25)
(398, 25) -> (413, 211)
(413, 211) -> (457, 339)
(457, 339) -> (485, 220)
(485, 220) -> (515, 17)
(515, 17) -> (550, 295)
(550, 295) -> (565, 32)
(565, 32) -> (608, 122)
(608, 122) -> (638, 33)
(638, 33) -> (641, 26)
(641, 26) -> (653, 284)
(653, 284) -> (678, 48)
(3, 144) -> (65, 337)
(65, 337) -> (84, 106)
(84, 106) -> (104, 157)
(104, 157) -> (211, 313)
(211, 313) -> (214, 114)
(214, 114) -> (244, 299)
(244, 299) -> (303, 103)
(303, 103) -> (312, 356)
(312, 356) -> (320, 115)
(320, 115) -> (328, 101)
(328, 101) -> (345, 160)
(345, 160) -> (373, 313)
(373, 313) -> (382, 127)
(382, 127) -> (401, 210)
(401, 210) -> (417, 247)
(417, 247) -> (428, 308)
(428, 308) -> (433, 278)
(433, 278) -> (473, 478)
(473, 478) -> (499, 142)
(499, 142) -> (522, 268)
(522, 268) -> (549, 385)
(549, 385) -> (586, 278)
(586, 278) -> (629, 295)
(629, 295) -> (664, 346)
(664, 346) -> (678, 48)
