Vertices: 100
Top chain length: 59
Bottom chain length: 41
=============TOP CHAIN VERTICES=============
0: (8, 141)
1: (8, 81)
4: (67, 295)
6: (121, 83)
7: (129, 5)
9: (188, 127)
10: (195, 157)
11: (213, 176)
14: (248, 76)
17: (317, 154)
18: (327, 72)
20: (361, 28)
22: (396, 145)
24: (462, 170)
25: (473, 36)
26: (473, 155)
27: (521, 49)
28: (525, 61)
30: (548, 66)
31: (587, 58)
33: (634, 98)
37: (707, 195)
38: (719, 44)
40: (745, 137)
42: (754, 66)
44: (795, 76)
46: (851, 211)
48: (858, 278)
49: (860, 165)
50: (872, 26)
59: (973, 289)
60: (999, 92)
61: (1030, 68)
63: (1041, 41)
65: (1051, 74)
67: (1057, 249)
70: (1140, 233)
71: (1159, 94)
73: (1183, 200)
74: (1213, 111)
77: (1283, 32)
78: (1289, 42)
80: (1354, 133)
81: (1357, 75)
83: (1386, 1)
85: (1405, 89)
86: (1436, 164)
87: (1474, 268)
89: (1548, 134)
90: (1616, 18)
91: (1620, 234)
92: (1659, 5)
93: (1730, 188)
94: (1736, 141)
95: (1829, 56)
96: (1872, 92)
97: (1891, 120)
98: (1923, 11)
99: (1975, 81)
===========BOTTOM CHAIN VERTICES============
2: (39, 242)
3: (50, 281)
5: (83, 328)
8: (171, 163)
12: (223, 387)
13: (242, 175)
15: (279, 124)
16: (304, 141)
19: (331, 425)
21: (368, 150)
23: (446, 181)
29: (544, 258)
32: (591, 65)
34: (653, 144)
35: (669, 161)
36: (699, 244)
39: (720, 287)
41: (745, 298)
43: (763, 91)
45: (848, 242)
47: (852, 273)
51: (883, 330)
52: (899, 148)
53: (904, 231)
54: (911, 207)
55: (922, 347)
56: (949, 250)
57: (950, 288)
58: (960, 306)
62: (1038, 230)
64: (1049, 222)
66: (1056, 221)
68: (1058, 382)
69: (1132, 305)
72: (1182, 249)
75: (1214, 181)
76: (1239, 228)
79: (1295, 87)
82: (1361, 190)
84: (1399, 106)
88: (1491, 352)
==================EDGES=====================
(8, 141) -> (8, 81)
(8, 81) -> (67, 295)
(67, 295) -> (121, 83)
(121, 83) -> (129, 5)
(129, 5) -> (188, 127)
(188, 127) -> (195, 157)
(195, 157) -> (213, 176)
(213, 176) -> (248, 76)
(248, 76) -> (317, 154)
(317, 154) -> (327, 72)
(327, 72) -> (361, 28)
(361, 28) -> (396, 145)
(396, 145) -> (462, 170)
(462, 170) -> (473, 36)
(473, 36) -> (473, 155)
(473, 155) -> (521, 49)
(521, 49) -> (525, 61)
(525, 61) -> (548, 66)
(548, 66) -> (587, 58)
(587, 58) -> (634, 98)
(634, 98) -> (707, 195)
(707, 195) -> (719, 44)
(719, 44) -> (745, 137)
(745, 137) -> (754, 66)
(754, 66) -> (795, 76)
(795, 76) -> (851, 211)
(851, 211) -> (858, 278)
(858, 278) -> (860, 165)
(860, 165) -> (872, 26)
(872, 26) -> (973, 289)
(973, 289) -> (999, 92)
(999, 92) -> (1030, 68)
(1030, 68) -> (1041, 41)
(1041, 41) -> (1051, 74)
(1051, 74) -> (1057, 249)
(1057, 249) -> (1140, 233)
(1140, 233) -> (1159, 94)
(1159, 94) -> (1183, 200)
(1183, 200) -> (1213, 111)
(1213, 111) -> (1283, 32)
(1283, 32) -> (1289, 42)
(1289, 42) -> (1354, 133)
(1354, 133) -> (1357, 75)
(1357, 75) -> (1386, 1)
(1386, 1) -> (1405, 89)
(1405, 89) -> (1436, 164)
(1436, 164) -> (1474, 268)
(1474, 268) -> (1548, 134)
(1548, 134) -> (1616, 18)
(1616, 18) -> (1620, 234)
(1620, 234) -> (1659, 5)
(1659, 5) -> (1730, 188)
(1730, 188) -> (1736, 141)
(1736, 141) -> (1829, 56)
(1829, 56) -> (1872, 92)
(1872, 92) -> (1891, 120)
(1891, 120) -> (1923, 11)
(1923, 11) -> (1975, 81)
(8, 141) -> (39, 242)
(39, 242) -> (50, 281)
(50, 281) -> (83, 328)
(83, 328) -> (171, 163)
(171, 163) -> (223, 387)
(223, 387) -> (242, 175)
(242, 175) -> (279, 124)
(279, 124) -> (304, 141)
(304, 141) -> (331, 425)
(331, 425) -> (368, 150)
(368, 150) -> (446, 181)
(446, 181) -> (544, 258)
(544, 258) -> (591, 65)
(591, 65) -> (653, 144)
(653, 144) -> (669, 161)
(669, 161) -> (699, 244)
(699, 244) -> (720, 287)
(720, 287) -> (745, 298)
(745, 298) -> (763, 91)
(763, 91) -> (848, 242)
(848, 242) -> (852, 273)
(852, 273) -> (883, 330)
(883, 330) -> (899, 148)
(899, 148) -> (904, 231)
(904, 231) -> (911, 207)
(911, 207) -> (922, 347)
(922, 347) -> (949, 250)
(949, 250) -> (950, 288)
(950, 288) -> (960, 306)
(960, 306) -> (1038, 230)
(1038, 230) -> (1049, 222)
(1049, 222) -> (1056, 221)
(1056, 221) -> (1058, 382)
(1058, 382) -> (1132, 305)
(1132, 305) -> (1182, 249)
(1182, 249) -> (1214, 181)
(1214, 181) -> (1239, 228)
(1239, 228) -> (1295, 87)
(1295, 87) -> (1361, 190)
(1361, 190) -> (1399, 106)
(1399, 106) -> (1491, 352)
(1491, 352) -> (1975, 81)
