Vertices: 50
Top chain length: 23
Bottom chain length: 27
=============TOP CHAIN VERTICES=============
0: (57, 65)
1: (57, 9)
4: (127, 213)
5: (133, 44)
8: (184, 189)
10: (202, 193)
13: (251, 62)
14: (271, 130)
18: (307, 17)
20: (310, 234)
23: (345, 26)
24: (353, 53)
28: (370, 331)
29: (409, 10)
31: (438, 221)
33: (475, 153)
34: (491, 119)
36: (540, 24)
38: (566, 218)
41: (597, 19)
43: (643, 76)
47: (684, 126)
49: (700, 313)
===========BOTTOM CHAIN VERTICES============
2: (99, 173)
3: (106, 288)
6: (148, 193)
7: (172, 264)
9: (187, 206)
11: (205, 203)
12: (243, 97)
15: (289, 163)
16: (299, 164)
17: (306, 70)
19: (309, 166)
21: (313, 524)
22: (329, 172)
25: (354, 153)
26: (356, 158)
27: (369, 372)
30: (423, 183)
32: (441, 280)
35: (492, 272)
37: (552, 229)
39: (566, 270)
40: (593, 107)
42: (599, 46)
44: (661, 101)
45: (673, 113)
46: (676, 162)
48: (692, 240)
==================EDGES=====================
(57, 65) -> (57, 9)
(57, 9) -> (127, 213)
(127, 213) -> (133, 44)
(133, 44) -> (184, 189)
(184, 189) -> (202, 193)
(202, 193) -> (251, 62)
(251, 62) -> (271, 130)
(271, 130) -> (307, 17)
(307, 17) -> (310, 234)
(310, 234) -> (345, 26)
(345, 26) -> (353, 53)
(353, 53) -> (370, 331)
(370, 331) -> (409, 10)
(409, 10) -> (438, 221)
(438, 221) -> (475, 153)
(475, 153) -> (491, 119)
(491, 119) -> (540, 24)
(540, 24) -> (566, 218)
(566, 218) -> (597, 19)
(597, 19) -> (643, 76)
(643, 76) -> (684, 126)
(684, 126) -> (700, 313)
(57, 65) -> (99, 173)
(99, 173) -> (106, 288)
(106, 288) -> (148, 193)
(148, 193) -> (172, 264)
(172, 264) -> (187, 206)
(187, 206) -> (205, 203)
(205, 203) -> (243, 97)
(243, 97) -> (289, 163)
(289, 163) -> (299, 164)
(299, 164) -> (306, 70)
(306, 70) -> (309, 166)
(309, 166) -> (313, 524)
(313, 524) -> (329, 172)
(329, 172) -> (354, 153)
(354, 153) -> (356, 158)
(356, 158) -> (369, 372)
(369, 372) -> (423, 183)
(423, 183) -> (441, 280)
(441, 280) -> (492, 272)
(492, 272) -> (552, 229)
(552, 229) -> (566, 270)
(566, 270) -> (593, 107)
(593, 107) -> (599, 46)
(599, 46) -> (661, 101)
(661, 101) -> (673, 113)
(673, 113) -> (676, 162)
(676, 162) -> (692, 240)
(692, 240) -> (700, 313)
