Vertices: 100
Top chain length: 61
Bottom chain length: 39
=============TOP CHAIN VERTICES=============
0: (54, 87)
1: (54, 73)
5: (127, 164)
6: (130, 162)
10: (185, 12)
13: (219, 44)
15: (258, 134)
16: (261, 98)
17: (279, 214)
18: (295, 74)
21: (312, 149)
22: (321, 178)
24: (370, 137)
28: (498, 208)
32: (559, 102)
36: (594, 246)
38: (634, 16)
39: (685, 108)
42: (716, 217)
44: (772, 103)
48: (801, 194)
54: (858, 99)
55: (862, 102)
56: (886, 232)
61: (971, 261)
62: (991, 247)
65: (1049, 115)
66: (1074, 238)
67: (1087, 17)
68: (1106, 241)
69: (1108, 178)
70: (1147, 118)
71: (1259, 26)
72: (1266, 11)
73: (1313, 51)
74: (1331, 21)
75: (1353, 131)
76: (1386, 148)
77: (1403, 71)
78: (1432, 0)
79: (1457, 2)
80: (1558, 104)
81: (1574, 89)
82: (1620, 259)
83: (1649, 146)
84: (1698, 12)
85: (1709, 65)
86: (1766, 193)
87: (1786, 226)
88: (1794, 76)
89: (1856, 93)
90: (1876, 240)
91: (1898, 47)
92: (1924, 151)
93: (1940, 116)
94: (1956, 97)
95: (1992, 160)
96: (2014, 206)
97: (2032, 155)
98: (2100, 130)
99: (2115, 221)
===========BOTTOM CHAIN VERTICES============
2: (97, 179)
3: (116, 185)
4: (126, 234)
7: (142, 453)
8: (173, 84)
9: (179, 157)
11: (202, 100)
12: (216, 67)
14: (240, 115)
19: (300, 294)
20: (311, 327)
23: (331, 261)
25: (442, 376)
26: (447, 341)
27: (460, 218)
29: (506, 223)
30: (511, 224)
31: (556, 173)
33: (566, 138)
34: (574, 226)
35: (589, 304)
37: (629, 67)
40: (699, 164)
41: (705, 210)
43: (741, 331)
45: (783, 278)
46: (786, 172)
47: (787, 186)
49: (809, 278)
50: (815, 388)
51: (849, 168)
52: (854, 306)
53: (857, 128)
57: (886, 247)
58: (902, 291)
59: (914, 310)
60: (919, 294)
63: (1013, 313)
64: (1025, 387)
==================EDGES=====================
(54, 87) -> (54, 73)
(54, 73) -> (127, 164)
(127, 164) -> (130, 162)
(130, 162) -> (185, 12)
(185, 12) -> (219, 44)
(219, 44) -> (258, 134)
(258, 134) -> (261, 98)
(261, 98) -> (279, 214)
(279, 214) -> (295, 74)
(295, 74) -> (312, 149)
(312, 149) -> (321, 178)
(321, 178) -> (370, 137)
(370, 137) -> (498, 208)
(498, 208) -> (559, 102)
(559, 102) -> (594, 246)
(594, 246) -> (634, 16)
(634, 16) -> (685, 108)
(685, 108) -> (716, 217)
(716, 217) -> (772, 103)
(772, 103) -> (801, 194)
(801, 194) -> (858, 99)
(858, 99) -> (862, 102)
(862, 102) -> (886, 232)
(886, 232) -> (971, 261)
(971, 261) -> (991, 247)
(991, 247) -> (1049, 115)
(1049, 115) -> (1074, 238)
(1074, 238) -> (1087, 17)
(1087, 17) -> (1106, 241)
(1106, 241) -> (1108, 178)
(1108, 178) -> (1147, 118)
(1147, 118) -> (1259, 26)
(1259, 26) -> (1266, 11)
(1266, 11) -> (1313, 51)
(1313, 51) -> (1331, 21)
(1331, 21) -> (1353, 131)
(1353, 131) -> (1386, 148)
(1386, 148) -> (1403, 71)
(1403, 71) -> (1432, 0)
(1432, 0) -> (1457, 2)
(1457, 2) -> (1558, 104)
(1558, 104) -> (1574, 89)
(1574, 89) -> (1620, 259)
(1620, 259) -> (1649, 146)
(1649, 146) -> (1698, 12)
(1698, 12) -> (1709, 65)
(1709, 65) -> (1766, 193)
(1766, 193) -> (1786, 226)
(1786, 226) -> (1794, 76)
(1794, 76) -> (1856, 93)
(1856, 93) -> (1876, 240)
(1876, 240) -> (1898, 47)
(1898, 47) -> (1924, 151)
(1924, 151) -> (1940, 116)
(1940, 116) -> (1956, 97)
(1956, 97) -> (1992, 160)
(1992, 160) -> (2014, 206)
(2014, 206) -> (2032, 155)
(2032, 155) -> (2100, 130)
(2100, 130) -> (2115, 221)
(54, 87) -> (97, 179)
(97, 179) -> (116, 185)
(116, 185) -> (126, 234)
(126, 234) -> (142, 453)
(142, 453) -> (173, 84)
(173, 84) -> (179, 157)
(179, 157) -> (202, 100)
(202, 100) -> (216, 67)
(216, 67) -> (240, 115)
(240, 115) -> (300, 294)
(300, 294) -> (311, 327)
(311, 327) -> (331, 261)
(331, 261) -> (442, 376)
(442, 376) -> (447, 341)
(447, 341) -> (460, 218)
(460, 218) -> (506, 223)
(506, 223) -> (511, 224)
(511, 224) -> (556, 173)
(556, 173) -> (566, 138)
(566, 138) -> (574, 226)
(574, 226) -> (589, 304)
(589, 304) -> (629, 67)
(629, 67) -> (699, 164)
(699, 164) -> (705, 210)
(705, 210) -> (741, 331)
(741, 331) -> (783, 278)
(783, 278) -> (786, 172)
(786, 172) -> (787, 186)
(787, 186) -> (809, 278)
(809, 278) -> (815, 388)
(815, 388) -> (849, 168)
(849, 168) -> (854, 306)
(854, 306) -> (857, 128)
(857, 128) -> (886, 247)
(886, 247) -> (902, 291)
(902, 291) -> (914, 310)
(914, 310) -> (919, 294)
(919, 294) -> (1013, 313)
(1013, 313) -> (1025, 387)
(1025, 387) -> (2115, 221)
