Vertices: 50
Top chain length: 26
Bottom chain length: 24
=============TOP CHAIN VERTICES=============
0: (90, 193)
1: (90, 111)
2: (104, 55)
4: (114, 105)
6: (131, 48)
7: (149, 7)
9: (181, 68)
10: (228, 110)
13: (271, 107)
14: (295, 140)
16: (306, 1)
18: (325, 11)
21: (371, 196)
22: (383, 152)
24: (428, 126)
28: (465, 164)
29: (470, 53)
34: (547, 79)
39: (597, 255)
41: (624, 60)
44: (708, 176)
45: (748, 58)
46: (772, 28)
47: (774, 213)
48: (796, 44)
49: (837, 119)
===========BOTTOM CHAIN VERTICES============
3: (105, 195)
5: (125, 142)
8: (156, 115)
11: (231, 119)
12: (263, 291)
15: (301, 173)
17: (316, 35)
19: (328, 52)
20: (349, 196)
23: (392, 204)
25: (428, 171)
26: (445, 178)
27: (459, 174)
30: (471, 353)
31: (510, 77)
32: (522, 100)
33: (541, 150)
35: (551, 342)
36: (556, 220)
37: (558, 349)
38: (568, 234)
40: (597, 327)
42: (644, 239)
43: (662, 426)
==================EDGES=====================
(90, 193) -> (90, 111)
(90, 111) -> (104, 55)
(104, 55) -> (114, 105)
(114, 105) -> (131, 48)
(131, 48) -> (149, 7)
(149, 7) -> (181, 68)
(181, 68) -> (228, 110)
(228, 110) -> (271, 107)
(271, 107) -> (295, 140)
(295, 140) -> (306, 1)
(306, 1) -> (325, 11)
(325, 11) -> (371, 196)
(371, 196) -> (383, 152)
(383, 152) -> (428, 126)
(428, 126) -> (465, 164)
(465, 164) -> (470, 53)
(470, 53) -> (547, 79)
(547, 79) -> (597, 255)
(597, 255) -> (624, 60)
(624, 60) -> (708, 176)
(708, 176) -> (748, 58)
(748, 58) -> (772, 28)
(772, 28) -> (774, 213)
(774, 213) -> (796, 44)
(796, 44) -> (837, 119)
(90, 193) -> (105, 195)
(105, 195) -> (125, 142)
(125, 142) -> (156, 115)
(156, 115) -> (231, 119)
(231, 119) -> (263, 291)
(263, 291) -> (301, 173)
(301, 173) -> (316, 35)
(316, 35) -> (328, 52)
(328, 52) -> (349, 196)
(349, 196) -> (392, 204)
(392, 204) -> (428, 171)
(428, 171) -> (445, 178)
(445, 178) -> (459, 174)
(459, 174) -> (471, 353)
(471, 353) -> (510, 77)
(510, 77) -> (522, 100)
(522, 100) -> (541, 150)
(541, 150) -> (551, 342)
(551, 342) -> (556, 220)
(556, 220) -> (558, 349)
(558, 349) -> (568, 234)
(568, 234) -> (597, 327)
(597, 327) -> (644, 239)
(644, 239) -> (662, 426)
(662, 426) -> (837, 119)
