Vertices: 100
Top chain length: 51
Bottom chain length: 49
=============TOP CHAIN VERTICES=============
0: (27, 209)
1: (27, 183)
6: (63, 283)
10: (134, 267)
12: (177, 5)
13: (180, 163)
15: (196, 232)
16: (220, 70)
17: (269, 53)
20: (286, 85)
22: (300, 209)
24: (358, 168)
29: (450, 121)
33: (528, 132)
36: (563, 328)
38: (587, 70)
40: (605, 90)
44: (642, 86)
45: (647, 158)
49: (697, 105)
51: (733, 151)
55: (774, 404)
56: (791, 64)
58: (821, 94)
59: (842, 21)
60: (842, 48)
62: (850, 232)
63: (871, 144)
64: (884, 79)
65: (897, 241)
68: (948, 11)
72: (966, 5)
73: (967, 107)
75: (993, 67)
77: (1018, 192)
79: (1073, 113)
80: (1085, 136)
81: (1105, 41)
83: (1123, 51)
84: (1126, 214)
87: (1177, 180)
90: (1291, 15)
91: (1322, 22)
92: (1345, 48)
93: (1349, 40)
94: (1352, 31)
95: (1401, 126)
96: (1476, 31)
97: (1480, 202)
98: (1529, 74)
99: (1570, 177)
===========BOTTOM CHAIN VERTICES============
2: (33, 274)
3: (49, 259)
4: (52, 280)
5: (55, 283)
7: (85, 294)
8: (90, 382)
9: (97, 289)
11: (171, 362)
14: (181, 387)
18: (277, 205)
19: (284, 161)
21: (287, 129)
23: (327, 380)
25: (366, 224)
26: (400, 321)
27: (416, 184)
28: (444, 209)
30: (450, 207)
31: (487, 262)
32: (518, 159)
34: (532, 160)
35: (557, 403)
37: (577, 224)
39: (598, 117)
41: (613, 128)
42: (633, 323)
43: (638, 92)
46: (649, 202)
47: (676, 223)
48: (689, 210)
50: (731, 324)
52: (739, 220)
53: (742, 265)
54: (747, 422)
57: (809, 452)
61: (842, 217)
66: (897, 334)
67: (929, 176)
69: (956, 51)
70: (957, 177)
71: (965, 288)
74: (990, 138)
76: (1014, 242)
78: (1055, 173)
82: (1115, 142)
85: (1138, 463)
86: (1146, 208)
88: (1180, 179)
89: (1200, 294)
==================EDGES=====================
(27, 209) -> (27, 183)
(27, 183) -> (63, 283)
(63, 283) -> (134, 267)
(134, 267) -> (177, 5)
(177, 5) -> (180, 163)
(180, 163) -> (196, 232)
(196, 232) -> (220, 70)
(220, 70) -> (269, 53)
(269, 53) -> (286, 85)
(286, 85) -> (300, 209)
(300, 209) -> (358, 168)
(358, 168) -> (450, 121)
(450, 121) -> (528, 132)
(528, 132) -> (563, 328)
(563, 328) -> (587, 70)
(587, 70) -> (605, 90)
(605, 90) -> (642, 86)
(642, 86) -> (647, 158)
(647, 158) -> (697, 105)
(697, 105) -> (733, 151)
(733, 151) -> (774, 404)
(774, 404) -> (791, 64)
(791, 64) -> (821, 94)
(821, 94) -> (842, 21)
(842, 21) -> (842, 48)
(842, 48) -> (850, 232)
(850, 232) -> (871, 144)
(871, 144) -> (884, 79)
(884, 79) -> (897, 241)
(897, 241) -> (948, 11)
(948, 11) -> (966, 5)
(966, 5) -> (967, 107)
(967, 107) -> (993, 67)
(993, 67) -> (1018, 192)
(1018, 192) -> (1073, 113)
(1073, 113) -> (1085, 136)
(1085, 136) -> (1105, 41)
(1105, 41) -> (1123, 51)
(1123, 51) -> (1126, 214)
(1126, 214) -> (1177, 180)
(1177, 180) -> (1291, 15)
(1291, 15) -> (1322, 22)
(1322, 22) -> (1345, 48)
(1345, 48) -> (1349, 40)
(1349, 40) -> (1352, 31)
(1352, 31) -> (1401, 126)
(1401, 126) -> (1476, 31)
(1476, 31) -> (1480, 202)
(1480, 202) -> (1529, 74)
(1529, 74) -> (1570, 177)
(27, 209) -> (33, 274)
(33, 274) -> (49, 259)
(49, 259) -> (52, 280)
(52, 280) -> (55, 283)
(55, 283) -> (85, 294)
(85, 294) -> (90, 382)
(90, 382) -> (97, 289)
(97, 289) -> (171, 362)
(171, 362) -> (181, 387)
(181, 387) -> (277, 205)
(277, 205) -> (284, 161)
(284, 161) -> (287, 129)
(287, 129) -> (327, 380)
(327, 380) -> (366, 224)
(366, 224) -> (400, 321)
(400, 321) -> (416, 184)
(416, 184) -> (444, 209)
(444, 209) -> (450, 207)
(450, 207) -> (487, 262)
(487, 262) -> (518, 159)
(518, 159) -> (532, 160)
(532, 160) -> (557, 403)
(557, 403) -> (577, 224)
(577, 224) -> (598, 117)
(598, 117) -> (613, 128)
(613, 128) -> (633, 323)
(633, 323) -> (638, 92)
(638, 92) -> (649, 202)
(649, 202) -> (676, 223)
(676, 223) -> (689, 210)
(689, 210) -> (731, 324)
(731, 324) -> (739, 220)
(739, 220) -> (742, 265)
(742, 265) -> (747, 422)
(747, 422) -> (809, 452)
(809, 452) -> (842, 217)
(842, 217) -> (897, 334)
(897, 334) -> (929, 176)
(929, 176) -> (956, 51)
(956, 51) -> (957, 177)
(957, 177) -> (965, 288)
(965, 288) -> (990, 138)
(990, 138) -> (1014, 242)
(1014, 242) -> (1055, 173)
(1055, 173) -> (1115, 142)
(1115, 142) -> (1138, 463)
(1138, 463) -> (1146, 208)
(1146, 208) -> (1180, 179)
(1180, 179) -> (1200, 294)
(1200, 294) -> (1570, 177)
