Vertices: 100
Top chain length: 56
Bottom chain length: 44
=============TOP CHAIN VERTICES=============
0: (14, 117)
1: (14, 4)
6: (63, 327)
7: (65, 42)
10: (101, 172)
12: (138, 1)
16: (165, 54)
18: (198, 105)
23: (236, 360)
25: (268, 81)
30: (319, 112)
31: (342, 117)
34: (375, 37)
36: (411, 200)
38: (431, 46)
40: (459, 101)
41: (471, 23)
44: (488, 228)
45: (511, 120)
47: (529, 179)
48: (561, 7)
51: (635, 63)
55: (668, 243)
56: (700, 110)
57: (711, 172)
59: (746, 72)
61: (762, 84)
62: (772, 80)
65: (794, 106)
69: (856, 25)
73: (924, 62)
74: (933, 50)
76: (963, 284)
77: (977, 229)
78: (986, 140)
79: (1007, 14)
80: (1018, 139)
81: (1040, 247)
82: (1053, 107)
83: (1101, 106)
84: (1109, 63)
85: (1143, 6)
86: (1189, 153)
87: (1228, 85)
88: (1271, 114)
89: (1299, 80)
90: (1307, 75)
91: (1353, 11)
92: (1405, 253)
93: (1444, 43)
94: (1487, 152)
95: (1557, 120)
96: (1559, 95)
97: (1588, 7)
98: (1593, 55)
99: (1643, 122)
===========BOTTOM CHAIN VERTICES============
2: (43, 297)
3: (49, 346)
4: (51, 303)
5: (53, 294)
8: (65, 340)
9: (77, 98)
11: (116, 339)
13: (147, 195)
14: (148, 108)
15: (157, 237)
17: (190, 109)
19: (206, 186)
20: (216, 254)
21: (227, 304)
22: (230, 321)
24: (243, 433)
26: (268, 276)
27: (277, 103)
28: (289, 106)
29: (301, 170)
32: (347, 199)
33: (371, 127)
35: (393, 448)
37: (430, 237)
39: (458, 411)
42: (476, 236)
43: (477, 248)
46: (513, 252)
49: (569, 157)
50: (616, 213)
52: (640, 117)
53: (643, 142)
54: (655, 233)
58: (722, 372)
60: (753, 124)
63: (777, 187)
64: (782, 283)
66: (806, 138)
67: (813, 329)
68: (835, 306)
70: (867, 192)
71: (902, 122)
72: (911, 145)
75: (954, 548)
==================EDGES=====================
(14, 117) -> (14, 4)
(14, 4) -> (63, 327)
(63, 327) -> (65, 42)
(65, 42) -> (101, 172)
(101, 172) -> (138, 1)
(138, 1) -> (165, 54)
(165, 54) -> (198, 105)
(198, 105) -> (236, 360)
(236, 360) -> (268, 81)
(268, 81) -> (319, 112)
(319, 112) -> (342, 117)
(342, 117) -> (375, 37)
(375, 37) -> (411, 200)
(411, 200) -> (431, 46)
(431, 46) -> (459, 101)
(459, 101) -> (471, 23)
(471, 23) -> (488, 228)
(488, 228) -> (511, 120)
(511, 120) -> (529, 179)
(529, 179) -> (561, 7)
(561, 7) -> (635, 63)
(635, 63) -> (668, 243)
(668, 243) -> (700, 110)
(700, 110) -> (711, 172)
(711, 172) -> (746, 72)
(746, 72) -> (762, 84)
(762, 84) -> (772, 80)
(772, 80) -> (794, 106)
(794, 106) -> (856, 25)
(856, 25) -> (924, 62)
(924, 62) -> (933, 50)
(933, 50) -> (963, 284)
(963, 284) -> (977, 229)
(977, 229) -> (986, 140)
(986, 140) -> (1007, 14)
(1007, 14) -> (1018, 139)
(1018, 139) -> (1040, 247)
(1040, 247) -> (1053, 107)
(1053, 107) -> (1101, 106)
(1101, 106) -> (1109, 63)
(1109, 63) -> (1143, 6)
(1143, 6) -> (1189, 153)
(1189, 153) -> (1228, 85)
(1228, 85) -> (1271, 114)
(1271, 114) -> (1299, 80)
(1299, 80) -> (1307, 75)
(1307, 75) -> (1353, 11)
(1353, 11) -> (1405, 253)
(1405, 253) -> (1444, 43)
(1444, 43) -> (1487, 152)
(1487, 152) -> (1557, 120)
(1557, 120) -> (1559, 95)
(1559, 95) -> (1588, 7)
(1588, 7) -> (1593, 55)
(1593, 55) -> (1643, 122)
(14, 117) -> (43, 297)
(43, 297) -> (49, 346)
(49, 346) -> (51, 303)
(51, 303) -> (53, 294)
(53, 294) -> (65, 340)
(65, 340) -> (77, 98)
(77, 98) -> (116, 339)
(116, 339) -> (147, 195)
(147, 195) -> (148, 108)
(148, 108) -> (157, 237)
(157, 237) -> (190, 109)
(190, 109) -> (206, 186)
(206, 186) -> (216, 254)
(216, 254) -> (227, 304)
(227, 304) -> (230, 321)
(230, 321) -> (243, 433)
(243, 433) -> (268, 276)
(268, 276) -> (277, 103)
(277, 103) -> (289, 106)
(289, 106) -> (301, 170)
(301, 170) -> (347, 199)
(347, 199) -> (371, 127)
(371, 127) -> (393, 448)
(393, 448) -> (430, 237)
(430, 237) -> (458, 411)
(458, 411) -> (476, 236)
(476, 236) -> (477, 248)
(477, 248) -> (513, 252)
(513, 252) -> (569, 157)
(569, 157) -> (616, 213)
(616, 213) -> (640, 117)
(640, 117) -> (643, 142)
(643, 142) -> (655, 233)
(655, 233) -> (722, 372)
(722, 372) -> (753, 124)
(753, 124) -> (777, 187)
(777, 187) -> (782, 283)
(782, 283) -> (806, 138)
(806, 138) -> (813, 329)
(813, 329) -> (835, 306)
(835, 306) -> (867, 192)
(867, 192) -> (902, 122)
(902, 122) -> (911, 145)
(911, 145) -> (954, 548)
(954, 548) -> (1643, 122)
