Vertices: 50
Top chain length: 26
Bottom chain length: 24
=============TOP CHAIN VERTICES=============
0: (38, 180)
1: (38, 75)
2: (81, 55)
3: (114, 97)
4: (130, 73)
7: (160, 77)
8: (200, 73)
11: (260, 133)
12: (272, 154)
14: (304, 150)
15: (332, 68)
16: (386, 119)
19: (398, 341)
20: (401, 108)
22: (436, 69)
23: (439, 20)
26: (481, 174)
31: (561, 133)
33: (584, 77)
36: (652, 38)
40: (691, 239)
41: (708, 35)
43: (717, 201)
44: (733, 59)
45: (739, 181)
47: (805, 106)
===========BOTTOM CHAIN VERTICES============
5: (145, 241)
6: (159, 222)
9: (223, 291)
10: (235, 150)
13: (279, 249)
17: (389, 268)
18: (396, 392)
21: (435, 96)
24: (444, 111)
25: (459, 356)
27: (489, 233)
28: (490, 252)
29: (508, 177)
30: (550, 144)
32: (562, 149)
34: (597, 168)
35: (607, 452)
37: (663, 142)
38: (681, 249)
39: (683, 220)
42: (710, 332)
46: (766, 185)
48: (860, 68)
49: (876, 12)
==================EDGES=====================
(38, 180) -> (38, 75)
(38, 75) -> (81, 55)
(81, 55) -> (114, 97)
(114, 97) -> (130, 73)
(130, 73) -> (160, 77)
(160, 77) -> (200, 73)
(200, 73) -> (260, 133)
(260, 133) -> (272, 154)
(272, 154) -> (304, 150)
(304, 150) -> (332, 68)
(332, 68) -> (386, 119)
(386, 119) -> (398, 341)
(398, 341) -> (401, 108)
(401, 108) -> (436, 69)
(436, 69) -> (439, 20)
(439, 20) -> (481, 174)
(481, 174) -> (561, 133)
(561, 133) -> (584, 77)
(584, 77) -> (652, 38)
(652, 38) -> (691, 239)
(691, 239) -> (708, 35)
(708, 35) -> (717, 201)
(717, 201) -> (733, 59)
(733, 59) -> (739, 181)
(739, 181) -> (805, 106)
(38, 180) -> (145, 241)
(145, 241) -> (159, 222)
(159, 222) -> (223, 291)
(223, 291) -> (235, 150)
(235, 150) -> (279, 249)
(279, 249) -> (389, 268)
(389, 268) -> (396, 392)
(396, 392) -> (435, 96)
(435, 96) -> (444, 111)
(444, 111) -> (459, 356)
(459, 356) -> (489, 233)
(489, 233) -> (490, 252)
(490, 252) -> (508, 177)
(508, 177) -> (550, 144)
(550, 144) -> (562, 149)
(562, 149) -> (597, 168)
(597, 168) -> (607, 452)
(607, 452) -> (663, 142)
(663, 142) -> (681, 249)
(681, 249) -> (683, 220)
(683, 220) -> (710, 332)
(710, 332) -> (766, 185)
(766, 185) -> (860, 68)
(860, 68) -> (876, 12)
(876, 12) -> (805, 106)
