Vertices: 50
Top chain length: 20
Bottom chain length: 30
=============TOP CHAIN VERTICES=============
0: (9, 97)
1: (9, 39)
4: (43, 212)
5: (52, 10)
9: (90, 61)
10: (114, 14)
14: (153, 3)
15: (165, 15)
17: (202, 130)
18: (221, 53)
20: (293, 57)
21: (298, 72)
23: (316, 47)
29: (399, 303)
34: (449, 65)
35: (485, 161)
38: (498, 63)
39: (518, 62)
43: (629, 12)
44: (672, 69)
===========BOTTOM CHAIN VERTICES============
2: (19, 107)
3: (27, 233)
6: (62, 190)
7: (77, 157)
8: (80, 89)
11: (119, 156)
12: (144, 227)
13: (146, 106)
16: (169, 122)
19: (239, 300)
22: (307, 202)
24: (329, 108)
25: (339, 230)
26: (347, 226)
27: (358, 247)
28: (360, 244)
30: (401, 389)
31: (415, 381)
32: (434, 270)
33: (447, 177)
36: (489, 269)
37: (494, 143)
40: (545, 92)
41: (584, 292)
42: (623, 45)
45: (681, 184)
46: (741, 67)
47: (747, 163)
48: (801, 128)
49: (823, 29)
==================EDGES=====================
(9, 97) -> (9, 39)
(9, 39) -> (43, 212)
(43, 212) -> (52, 10)
(52, 10) -> (90, 61)
(90, 61) -> (114, 14)
(114, 14) -> (153, 3)
(153, 3) -> (165, 15)
(165, 15) -> (202, 130)
(202, 130) -> (221, 53)
(221, 53) -> (293, 57)
(293, 57) -> (298, 72)
(298, 72) -> (316, 47)
(316, 47) -> (399, 303)
(399, 303) -> (449, 65)
(449, 65) -> (485, 161)
(485, 161) -> (498, 63)
(498, 63) -> (518, 62)
(518, 62) -> (629, 12)
(629, 12) -> (672, 69)
(9, 97) -> (19, 107)
(19, 107) -> (27, 233)
(27, 233) -> (62, 190)
(62, 190) -> (77, 157)
(77, 157) -> (80, 89)
(80, 89) -> (119, 156)
(119, 156) -> (144, 227)
(144, 227) -> (146, 106)
(146, 106) -> (169, 122)
(169, 122) -> (239, 300)
(239, 300) -> (307, 202)
(307, 202) -> (329, 108)
(329, 108) -> (339, 230)
(339, 230) -> (347, 226)
(347, 226) -> (358, 247)
(358, 247) -> (360, 244)
(360, 244) -> (401, 389)
(401, 389) -> (415, 381)
(415, 381) -> (434, 270)
(434, 270) -> (447, 177)
(447, 177) -> (489, 269)
(489, 269) -> (494, 143)
(494, 143) -> (545, 92)
(545, 92) -> (584, 292)
(584, 292) -> (623, 45)
(623, 45) -> (681, 184)
(681, 184) -> (741, 67)
(741, 67) -> (747, 163)
(747, 163) -> (801, 128)
(801, 128) -> (823, 29)
(823, 29) -> (672, 69)
