Vertices: 10
Top chain length: 3
Bottom chain length: 7
=============TOP CHAIN VERTICES=============
(32, 168)
(58, 137)
(107, 178)
===========BOTTOM CHAIN VERTICES============
(9, 86)
(52, 288)
(64, 304)
(74, 168)
(121, 305)
(147, 43)
(157, 8)
==================EDGES=====================
(32, 168) -> (58, 137)
(58, 137) -> (107, 178)
(32, 168) -> (9, 86)
(9, 86) -> (52, 288)
(52, 288) -> (64, 304)
(64, 304) -> (74, 168)
(74, 168) -> (121, 305)
(121, 305) -> (147, 43)
(147, 43) -> (157, 8)
(157, 8) -> (107, 178)
