Vertices: 100
Top chain length: 50
Bottom chain length: 50
=============TOP CHAIN VERTICES=============
0: (7, 60)
1: (7, 46)
3: (22, 184)
4: (55, 155)
7: (114, 124)
8: (147, 100)
10: (180, 37)
15: (267, 84)
16: (287, 58)
18: (335, 26)
21: (406, 96)
25: (446, 289)
28: (492, 100)
32: (520, 262)
33: (564, 40)
36: (580, 16)
37: (584, 195)
41: (645, 81)
42: (646, 51)
43: (667, 43)
45: (720, 81)
46: (767, 58)
48: (783, 172)
51: (836, 128)
54: (948, 38)
56: (986, 126)
58: (1036, 198)
60: (1092, 12)
66: (1145, 66)
67: (1148, 131)
68: (1149, 13)
70: (1183, 22)
71: (1188, 101)
72: (1202, 104)
74: (1260, 173)
77: (1317, 209)
78: (1329, 55)
79: (1340, 41)
82: (1375, 90)
85: (1411, 1)
87: (1462, 7)
90: (1499, 44)
91: (1526, 119)
93: (1555, 257)
94: (1613, 151)
95: (1620, 13)
96: (1630, 71)
97: (1727, 36)
98: (1789, 63)
99: (1804, 71)
===========BOTTOM CHAIN VERTICES============
2: (18, 191)
5: (80, 237)
6: (108, 291)
9: (153, 233)
11: (184, 113)
12: (215, 260)
13: (237, 97)
14: (255, 389)
17: (323, 41)
19: (361, 104)
20: (405, 160)
22: (416, 185)
23: (428, 263)
24: (433, 300)
26: (463, 298)
27: (478, 208)
29: (503, 230)
30: (507, 210)
31: (514, 306)
34: (570, 168)
35: (579, 60)
38: (585, 278)
39: (632, 321)
40: (635, 146)
44: (694, 99)
47: (774, 205)
49: (799, 376)
50: (815, 177)
52: (877, 247)
53: (901, 152)
55: (957, 308)
57: (1026, 206)
59: (1067, 270)
61: (1096, 40)
62: (1115, 68)
63: (1117, 168)
64: (1124, 225)
65: (1137, 98)
69: (1152, 311)
73: (1209, 265)
75: (1263, 225)
76: (1294, 298)
80: (1340, 211)
81: (1364, 88)
83: (1385, 111)
84: (1395, 133)
86: (1441, 7)
88: (1463, 14)
89: (1481, 91)
92: (1539, 302)
==================EDGES=====================
(7, 60) -> (7, 46)
(7, 46) -> (22, 184)
(22, 184) -> (55, 155)
(55, 155) -> (114, 124)
(114, 124) -> (147, 100)
(147, 100) -> (180, 37)
(180, 37) -> (267, 84)
(267, 84) -> (287, 58)
(287, 58) -> (335, 26)
(335, 26) -> (406, 96)
(406, 96) -> (446, 289)
(446, 289) -> (492, 100)
(492, 100) -> (520, 262)
(520, 262) -> (564, 40)
(564, 40) -> (580, 16)
(580, 16) -> (584, 195)
(584, 195) -> (645, 81)
(645, 81) -> (646, 51)
(646, 51) -> (667, 43)
(667, 43) -> (720, 81)
(720, 81) -> (767, 58)
(767, 58) -> (783, 172)
(783, 172) -> (836, 128)
(836, 128) -> (948, 38)
(948, 38) -> (986, 126)
(986, 126) -> (1036, 198)
(1036, 198) -> (1092, 12)
(1092, 12) -> (1145, 66)
(1145, 66) -> (1148, 131)
(1148, 131) -> (1149, 13)
(1149, 13) -> (1183, 22)
(1183, 22) -> (1188, 101)
(1188, 101) -> (1202, 104)
(1202, 104) -> (1260, 173)
(1260, 173) -> (1317, 209)
(1317, 209) -> (1329, 55)
(1329, 55) -> (1340, 41)
(1340, 41) -> (1375, 90)
(1375, 90) -> (1411, 1)
(1411, 1) -> (1462, 7)
(1462, 7) -> (1499, 44)
(1499, 44) -> (1526, 119)
(1526, 119) -> (1555, 257)
(1555, 257) -> (1613, 151)
(1613, 151) -> (1620, 13)
(1620, 13) -> (1630, 71)
(1630, 71) -> (1727, 36)
(1727, 36) -> (1789, 63)
(1789, 63) -> (1804, 71)
(7, 60) -> (18, 191)
(18, 191) -> (80, 237)
(80, 237) -> (108, 291)
(108, 291) -> (153, 233)
(153, 233) -> (184, 113)
(184, 113) -> (215, 260)
(215, 260) -> (237, 97)
(237, 97) -> (255, 389)
(255, 389) -> (323, 41)
(323, 41) -> (361, 104)
(361, 104) -> (405, 160)
(405, 160) -> (416, 185)
(416, 185) -> (428, 263)
(428, 263) -> (433, 300)
(433, 300) -> (463, 298)
(463, 298) -> (478, 208)
(478, 208) -> (503, 230)
(503, 230) -> (507, 210)
(507, 210) -> (514, 306)
(514, 306) -> (570, 168)
(570, 168) -> (579, 60)
(579, 60) -> (585, 278)
(585, 278) -> (632, 321)
(632, 321) -> (635, 146)
(635, 146) -> (694, 99)
(694, 99) -> (774, 205)
(774, 205) -> (799, 376)
(799, 376) -> (815, 177)
(815, 177) -> (877, 247)
(877, 247) -> (901, 152)
(901, 152) -> (957, 308)
(957, 308) -> (1026, 206)
(1026, 206) -> (1067, 270)
(1067, 270) -> (1096, 40)
(1096, 40) -> (1115, 68)
(1115, 68) -> (1117, 168)
(1117, 168) -> (1124, 225)
(1124, 225) -> (1137, 98)
(1137, 98) -> (1152, 311)
(1152, 311) -> (1209, 265)
(1209, 265) -> (1263, 225)
(1263, 225) -> (1294, 298)
(1294, 298) -> (1340, 211)
(1340, 211) -> (1364, 88)
(1364, 88) -> (1385, 111)
(1385, 111) -> (1395, 133)
(1395, 133) -> (1441, 7)
(1441, 7) -> (1463, 14)
(1463, 14) -> (1481, 91)
(1481, 91) -> (1539, 302)
(1539, 302) -> (1804, 71)
