Vertices: 100
Top chain length: 38
Bottom chain length: 62
=============TOP CHAIN VERTICES=============
0: (1, 221)
1: (1, 46)
2: (29, 128)
3: (40, 103)
9: (106, 46)
10: (120, 224)
14: (186, 231)
15: (196, 71)
17: (217, 28)
18: (219, 52)
22: (261, 232)
23: (272, 30)
28: (295, 170)
30: (311, 256)
33: (371, 215)
35: (391, 28)
37: (403, 197)
39: (418, 131)
41: (433, 33)
49: (487, 322)
51: (506, 114)
55: (554, 20)
60: (589, 313)
61: (617, 69)
62: (626, 71)
64: (669, 60)
66: (693, 5)
70: (716, 140)
71: (738, 163)
73: (755, 95)
78: (807, 309)
80: (856, 115)
84: (978, 192)
85: (1034, 72)
88: (1046, 260)
90: (1089, 66)
94: (1131, 88)
95: (1138, 121)
===========BOTTOM CHAIN VERTICES============
4: (55, 166)
5: (60, 139)
6: (100, 73)
7: (102, 158)
8: (104, 258)
11: (139, 369)
12: (144, 249)
13: (157, 284)
16: (216, 257)
19: (221, 198)
20: (233, 174)
21: (245, 211)
24: (273, 508)
25: (274, 86)
26: (277, 165)
27: (289, 175)
29: (309, 307)
31: (317, 287)
32: (339, 250)
34: (388, 218)
36: (393, 143)
38: (410, 270)
40: (429, 85)
42: (433, 42)
43: (436, 212)
44: (447, 200)
45: (452, 169)
46: (460, 372)
47: (468, 304)
48: (480, 321)
50: (495, 330)
52: (506, 119)
53: (521, 93)
54: (539, 180)
56: (556, 143)
57: (575, 321)
58: (577, 219)
59: (581, 335)
63: (659, 252)
65: (692, 47)
67: (693, 180)
68: (697, 196)
69: (713, 293)
72: (751, 141)
74: (757, 169)
75: (765, 254)
76: (768, 200)
77: (804, 330)
79: (836, 309)
81: (858, 120)
82: (886, 191)
83: (947, 345)
86: (1035, 92)
87: (1040, 263)
89: (1085, 251)
91: (1105, 93)
92: (1121, 105)
93: (1128, 100)
96: (1147, 165)
97: (1150, 191)
98: (1177, 27)
99: (1185, 4)
==================EDGES=====================
(1, 221) -> (1, 46)
(1, 46) -> (29, 128)
(29, 128) -> (40, 103)
(40, 103) -> (106, 46)
(106, 46) -> (120, 224)
(120, 224) -> (186, 231)
(186, 231) -> (196, 71)
(196, 71) -> (217, 28)
(217, 28) -> (219, 52)
(219, 52) -> (261, 232)
(261, 232) -> (272, 30)
(272, 30) -> (295, 170)
(295, 170) -> (311, 256)
(311, 256) -> (371, 215)
(371, 215) -> (391, 28)
(391, 28) -> (403, 197)
(403, 197) -> (418, 131)
(418, 131) -> (433, 33)
(433, 33) -> (487, 322)
(487, 322) -> (506, 114)
(506, 114) -> (554, 20)
(554, 20) -> (589, 313)
(589, 313) -> (617, 69)
(617, 69) -> (626, 71)
(626, 71) -> (669, 60)
(669, 60) -> (693, 5)
(693, 5) -> (716, 140)
(716, 140) -> (738, 163)
(738, 163) -> (755, 95)
(755, 95) -> (807, 309)
(807, 309) -> (856, 115)
(856, 115) -> (978, 192)
(978, 192) -> (1034, 72)
(1034, 72) -> (1046, 260)
(1046, 260) -> (1089, 66)
(1089, 66) -> (1131, 88)
(1131, 88) -> (1138, 121)
(1, 221) -> (55, 166)
(55, 166) -> (60, 139)
(60, 139) -> (100, 73)
(100, 73) -> (102, 158)
(102, 158) -> (104, 258)
(104, 258) -> (139, 369)
(139, 369) -> (144, 249)
(144, 249) -> (157, 284)
(157, 284) -> (216, 257)
(216, 257) -> (221, 198)
(221, 198) -> (233, 174)
(233, 174) -> (245, 211)
(245, 211) -> (273, 508)
(273, 508) -> (274, 86)
(274, 86) -> (277, 165)
(277, 165) -> (289, 175)
(289, 175) -> (309, 307)
(309, 307) -> (317, 287)
(317, 287) -> (339, 250)
(339, 250) -> (388, 218)
(388, 218) -> (393, 143)
(393, 143) -> (410, 270)
(410, 270) -> (429, 85)
(429, 85) -> (433, 42)
(433, 42) -> (436, 212)
(436, 212) -> (447, 200)
(447, 200) -> (452, 169)
(452, 169) -> (460, 372)
(460, 372) -> (468, 304)
(468, 304) -> (480, 321)
(480, 321) -> (495, 330)
(495, 330) -> (506, 119)
(506, 119) -> (521, 93)
(521, 93) -> (539, 180)
(539, 180) -> (556, 143)
(556, 143) -> (575, 321)
(575, 321) -> (577, 219)
(577, 219) -> (581, 335)
(581, 335) -> (659, 252)
(659, 252) -> (692, 47)
(692, 47) -> (693, 180)
(693, 180) -> (697, 196)
(697, 196) -> (713, 293)
(713, 293) -> (751, 141)
(751, 141) -> (757, 169)
(757, 169) -> (765, 254)
(765, 254) -> (768, 200)
(768, 200) -> (804, 330)
(804, 330) -> (836, 309)
(836, 309) -> (858, 120)
(858, 120) -> (886, 191)
(886, 191) -> (947, 345)
(947, 345) -> (1035, 92)
(1035, 92) -> (1040, 263)
(1040, 263) -> (1085, 251)
(1085, 251) -> (1105, 93)
(1105, 93) -> (1121, 105)
(1121, 105) -> (1128, 100)
(1128, 100) -> (1147, 165)
(1147, 165) -> (1150, 191)
(1150, 191) -> (1177, 27)
(1177, 27) -> (1185, 4)
(1185, 4) -> (1138, 121)
