Vertices: 100
Top chain length: 71
Bottom chain length: 29
=============TOP CHAIN VERTICES=============
0: (6, 321)
1: (6, 42)
3: (41, 37)
5: (76, 12)
7: (105, 128)
9: (137, 8)
11: (151, 23)
15: (164, 248)
17: (195, 167)
18: (200, 8)
21: (247, 166)
23: (278, 59)
26: (304, 184)
27: (311, 190)
30: (359, 38)
31: (363, 174)
34: (367, 66)
37: (441, 44)
42: (486, 36)
45: (504, 221)
46: (513, 298)
48: (554, 160)
49: (584, 213)
51: (657, 21)
53: (719, 254)
54: (770, 32)
55: (817, 187)
56: (850, 112)
57: (859, 92)
58: (872, 95)
59: (904, 84)
60: (938, 80)
61: (942, 42)
62: (966, 92)
63: (967, 169)
64: (990, 35)
65: (1062, 135)
66: (1130, 104)
67: (1146, 85)
68: (1177, 84)
69: (1182, 44)
70: (1223, 115)
71: (1235, 63)
72: (1266, 75)
73: (1295, 56)
74: (1355, 195)
75: (1422, 219)
76: (1472, 107)
77: (1478, 85)
78: (1537, 77)
79: (1562, 4)
80: (1584, 63)
81: (1621, 170)
82: (1696, 140)
83: (1708, 17)
84: (1800, 64)
85: (1865, 150)
86: (1912, 85)
87: (1939, 249)
88: (1979, 158)
89: (2013, 145)
90: (2061, 194)
91: (2086, 59)
92: (2088, 55)
93: (2168, 69)
94: (2237, 198)
95: (2277, 86)
96: (2334, 193)
97: (2374, 197)
98: (2398, 138)
99: (2438, 408)
===========BOTTOM CHAIN VERTICES============
2: (10, 180)
4: (63, 101)
6: (79, 76)
8: (117, 164)
10: (146, 131)
12: (151, 151)
13: (156, 148)
14: (159, 216)
16: (175, 358)
19: (214, 204)
20: (227, 261)
22: (274, 226)
24: (289, 200)
25: (291, 317)
28: (331, 344)
29: (352, 265)
32: (363, 205)
33: (366, 354)
35: (398, 211)
36: (415, 165)
38: (467, 160)
39: (471, 196)
40: (479, 58)
41: (482, 151)
43: (486, 86)
44: (493, 308)
47: (523, 437)
50: (584, 298)
52: (693, 308)
==================EDGES=====================
(6, 321) -> (6, 42)
(6, 42) -> (41, 37)
(41, 37) -> (76, 12)
(76, 12) -> (105, 128)
(105, 128) -> (137, 8)
(137, 8) -> (151, 23)
(151, 23) -> (164, 248)
(164, 248) -> (195, 167)
(195, 167) -> (200, 8)
(200, 8) -> (247, 166)
(247, 166) -> (278, 59)
(278, 59) -> (304, 184)
(304, 184) -> (311, 190)
(311, 190) -> (359, 38)
(359, 38) -> (363, 174)
(363, 174) -> (367, 66)
(367, 66) -> (441, 44)
(441, 44) -> (486, 36)
(486, 36) -> (504, 221)
(504, 221) -> (513, 298)
(513, 298) -> (554, 160)
(554, 160) -> (584, 213)
(584, 213) -> (657, 21)
(657, 21) -> (719, 254)
(719, 254) -> (770, 32)
(770, 32) -> (817, 187)
(817, 187) -> (850, 112)
(850, 112) -> (859, 92)
(859, 92) -> (872, 95)
(872, 95) -> (904, 84)
(904, 84) -> (938, 80)
(938, 80) -> (942, 42)
(942, 42) -> (966, 92)
(966, 92) -> (967, 169)
(967, 169) -> (990, 35)
(990, 35) -> (1062, 135)
(1062, 135) -> (1130, 104)
(1130, 104) -> (1146, 85)
(1146, 85) -> (1177, 84)
(1177, 84) -> (1182, 44)
(1182, 44) -> (1223, 115)
(1223, 115) -> (1235, 63)
(1235, 63) -> (1266, 75)
(1266, 75) -> (1295, 56)
(1295, 56) -> (1355, 195)
(1355, 195) -> (1422, 219)
(1422, 219) -> (1472, 107)
(1472, 107) -> (1478, 85)
(1478, 85) -> (1537, 77)
(1537, 77) -> (1562, 4)
(1562, 4) -> (1584, 63)
(1584, 63) -> (1621, 170)
(1621, 170) -> (1696, 140)
(1696, 140) -> (1708, 17)
(1708, 17) -> (1800, 64)
(1800, 64) -> (1865, 150)
(1865, 150) -> (1912, 85)
(1912, 85) -> (1939, 249)
(1939, 249) -> (1979, 158)
(1979, 158) -> (2013, 145)
(2013, 145) -> (2061, 194)
(2061, 194) -> (2086, 59)
(2086, 59) -> (2088, 55)
(2088, 55) -> (2168, 69)
(2168, 69) -> (2237, 198)
(2237, 198) -> (2277, 86)
(2277, 86) -> (2334, 193)
(2334, 193) -> (2374, 197)
(2374, 197) -> (2398, 138)
(2398, 138) -> (2438, 408)
(6, 321) -> (10, 180)
(10, 180) -> (63, 101)
(63, 101) -> (79, 76)
(79, 76) -> (117, 164)
(117, 164) -> (146, 131)
(146, 131) -> (151, 151)
(151, 151) -> (156, 148)
(156, 148) -> (159, 216)
(159, 216) -> (175, 358)
(175, 358) -> (214, 204)
(214, 204) -> (227, 261)
(227, 261) -> (274, 226)
(274, 226) -> (289, 200)
(289, 200) -> (291, 317)
(291, 317) -> (331, 344)
(331, 344) -> (352, 265)
(352, 265) -> (363, 205)
(363, 205) -> (366, 354)
(366, 354) -> (398, 211)
(398, 211) -> (415, 165)
(415, 165) -> (467, 160)
(467, 160) -> (471, 196)
(471, 196) -> (479, 58)
(479, 58) -> (482, 151)
(482, 151) -> (486, 86)
(486, 86) -> (493, 308)
(493, 308) -> (523, 437)
(523, 437) -> (584, 298)
(584, 298) -> (693, 308)
(693, 308) -> (2438, 408)
