Vertices: 100
Top chain length: 39
Bottom chain length: 61
=============TOP CHAIN VERTICES=============
0: (49, 337)
1: (49, 38)
2: (57, 79)
4: (73, 8)
5: (93, 188)
7: (126, 163)
8: (150, 102)
10: (184, 157)
11: (212, 74)
12: (215, 124)
13: (225, 27)
16: (241, 109)
18: (272, 33)
22: (334, 104)
25: (342, 17)
27: (390, 95)
29: (407, 69)
31: (435, 70)
33: (439, 23)
35: (489, 129)
36: (521, 100)
38: (537, 116)
40: (619, 90)
43: (641, 110)
46: (666, 284)
48: (697, 27)
51: (721, 58)
54: (743, 130)
55: (755, 125)
56: (756, 147)
61: (830, 153)
64: (847, 228)
65: (849, 26)
67: (910, 186)
69: (927, 119)
72: (997, 94)
74: (1040, 112)
76: (1081, 268)
77: (1089, 29)
===========BOTTOM CHAIN VERTICES============
3: (71, 133)
6: (104, 217)
9: (161, 228)
14: (231, 144)
15: (233, 240)
17: (249, 132)
19: (287, 186)
20: (301, 163)
21: (318, 138)
23: (335, 184)
24: (340, 164)
26: (361, 147)
28: (402, 285)
30: (408, 102)
32: (437, 74)
34: (488, 225)
37: (528, 182)
39: (597, 126)
41: (619, 147)
42: (638, 133)
44: (652, 248)
45: (657, 365)
47: (677, 277)
49: (702, 44)
50: (717, 120)
52: (736, 164)
53: (737, 165)
57: (770, 441)
58: (779, 186)
59: (803, 206)
60: (820, 300)
62: (832, 216)
63: (845, 237)
66: (865, 287)
68: (925, 158)
70: (961, 131)
71: (978, 300)
73: (1022, 130)
75: (1048, 230)
78: (1117, 332)
79: (1171, 90)
80: (1211, 280)
81: (1227, 85)
82: (1238, 112)
83: (1260, 81)
84: (1299, 117)
85: (1317, 18)
86: (1322, 19)
87: (1324, 139)
88: (1327, 158)
89: (1351, 61)
90: (1376, 176)
91: (1389, 220)
92: (1395, 117)
93: (1430, 82)
94: (1439, 69)
95: (1455, 146)
96: (1460, 126)
97: (1470, 92)
98: (1487, 223)
99: (1523, 2)
==================EDGES=====================
(49, 337) -> (49, 38)
(49, 38) -> (57, 79)
(57, 79) -> (73, 8)
(73, 8) -> (93, 188)
(93, 188) -> (126, 163)
(126, 163) -> (150, 102)
(150, 102) -> (184, 157)
(184, 157) -> (212, 74)
(212, 74) -> (215, 124)
(215, 124) -> (225, 27)
(225, 27) -> (241, 109)
(241, 109) -> (272, 33)
(272, 33) -> (334, 104)
(334, 104) -> (342, 17)
(342, 17) -> (390, 95)
(390, 95) -> (407, 69)
(407, 69) -> (435, 70)
(435, 70) -> (439, 23)
(439, 23) -> (489, 129)
(489, 129) -> (521, 100)
(521, 100) -> (537, 116)
(537, 116) -> (619, 90)
(619, 90) -> (641, 110)
(641, 110) -> (666, 284)
(666, 284) -> (697, 27)
(697, 27) -> (721, 58)
(721, 58) -> (743, 130)
(743, 130) -> (755, 125)
(755, 125) -> (756, 147)
(756, 147) -> (830, 153)
(830, 153) -> (847, 228)
(847, 228) -> (849, 26)
(849, 26) -> (910, 186)
(910, 186) -> (927, 119)
(927, 119) -> (997, 94)
(997, 94) -> (1040, 112)
(1040, 112) -> (1081, 268)
(1081, 268) -> (1089, 29)
(49, 337) -> (71, 133)
(71, 133) -> (104, 217)
(104, 217) -> (161, 228)
(161, 228) -> (231, 144)
(231, 144) -> (233, 240)
(233, 240) -> (249, 132)
(249, 132) -> (287, 186)
(287, 186) -> (301, 163)
(301, 163) -> (318, 138)
(318, 138) -> (335, 184)
(335, 184) -> (340, 164)
(340, 164) -> (361, 147)
(361, 147) -> (402, 285)
(402, 285) -> (408, 102)
(408, 102) -> (437, 74)
(437, 74) -> (488, 225)
(488, 225) -> (528, 182)
(528, 182) -> (597, 126)
(597, 126) -> (619, 147)
(619, 147) -> (638, 133)
(638, 133) -> (652, 248)
(652, 248) -> (657, 365)
(657, 365) -> (677, 277)
(677, 277) -> (702, 44)
(702, 44) -> (717, 120)
(717, 120) -> (736, 164)
(736, 164) -> (737, 165)
(737, 165) -> (770, 441)
(770, 441) -> (779, 186)
(779, 186) -> (803, 206)
(803, 206) -> (820, 300)
(820, 300) -> (832, 216)
(832, 216) -> (845, 237)
(845, 237) -> (865, 287)
(865, 287) -> (925, 158)
(925, 158) -> (961, 131)
(961, 131) -> (978, 300)
(978, 300) -> (1022, 130)
(1022, 130) -> (1048, 230)
(1048, 230) -> (1117, 332)
(1117, 332) -> (1171, 90)
(1171, 90) -> (1211, 280)
(1211, 280) -> (1227, 85)
(1227, 85) -> (1238, 112)
(1238, 112) -> (1260, 81)
(1260, 81) -> (1299, 117)
(1299, 117) -> (1317, 18)
(1317, 18) -> (1322, 19)
(1322, 19) -> (1324, 139)
(1324, 139) -> (1327, 158)
(1327, 158) -> (1351, 61)
(1351, 61) -> (1376, 176)
(1376, 176) -> (1389, 220)
(1389, 220) -> (1395, 117)
(1395, 117) -> (1430, 82)
(1430, 82) -> (1439, 69)
(1439, 69) -> (1455, 146)
(1455, 146) -> (1460, 126)
(1460, 126) -> (1470, 92)
(1470, 92) -> (1487, 223)
(1487, 223) -> (1523, 2)
(1523, 2) -> (1089, 29)
