Vertices: 50
Top chain length: 24
Bottom chain length: 26
=============TOP CHAIN VERTICES=============
0: (63, 340)
1: (63, 9)
4: (163, 183)
5: (178, 174)
6: (196, 109)
8: (206, 5)
9: (208, 38)
12: (223, 119)
13: (245, 65)
18: (334, 107)
19: (359, 45)
21: (389, 101)
22: (400, 199)
25: (454, 188)
27: (485, 120)
29: (508, 68)
32: (519, 11)
34: (528, 218)
37: (597, 215)
41: (632, 184)
45: (711, 361)
47: (730, 318)
48: (768, 120)
49: (782, 22)
===========BOTTOM CHAIN VERTICES============
2: (92, 218)
3: (149, 172)
7: (204, 219)
10: (216, 202)
11: (219, 156)
14: (247, 162)
15: (255, 157)
16: (260, 218)
17: (313, 178)
20: (366, 148)
23: (410, 232)
24: (448, 250)
26: (482, 275)
28: (500, 265)
30: (510, 93)
31: (517, 150)
33: (519, 198)
35: (563, 314)
36: (586, 230)
38: (603, 232)
39: (628, 354)
40: (629, 283)
42: (634, 214)
43: (644, 257)
44: (647, 298)
46: (729, 430)
==================EDGES=====================
(63, 340) -> (63, 9)
(63, 9) -> (163, 183)
(163, 183) -> (178, 174)
(178, 174) -> (196, 109)
(196, 109) -> (206, 5)
(206, 5) -> (208, 38)
(208, 38) -> (223, 119)
(223, 119) -> (245, 65)
(245, 65) -> (334, 107)
(334, 107) -> (359, 45)
(359, 45) -> (389, 101)
(389, 101) -> (400, 199)
(400, 199) -> (454, 188)
(454, 188) -> (485, 120)
(485, 120) -> (508, 68)
(508, 68) -> (519, 11)
(519, 11) -> (528, 218)
(528, 218) -> (597, 215)
(597, 215) -> (632, 184)
(632, 184) -> (711, 361)
(711, 361) -> (730, 318)
(730, 318) -> (768, 120)
(768, 120) -> (782, 22)
(63, 340) -> (92, 218)
(92, 218) -> (149, 172)
(149, 172) -> (204, 219)
(204, 219) -> (216, 202)
(216, 202) -> (219, 156)
(219, 156) -> (247, 162)
(247, 162) -> (255, 157)
(255, 157) -> (260, 218)
(260, 218) -> (313, 178)
(313, 178) -> (366, 148)
(366, 148) -> (410, 232)
(410, 232) -> (448, 250)
(448, 250) -> (482, 275)
(482, 275) -> (500, 265)
(500, 265) -> (510, 93)
(510, 93) -> (517, 150)
(517, 150) -> (519, 198)
(519, 198) -> (563, 314)
(563, 314) -> (586, 230)
(586, 230) -> (603, 232)
(603, 232) -> (628, 354)
(628, 354) -> (629, 283)
(629, 283) -> (634, 214)
(634, 214) -> (644, 257)
(644, 257) -> (647, 298)
(647, 298) -> (729, 430)
(729, 430) -> (782, 22)
