Vertices: 50
Top chain length: 21
Bottom chain length: 29
=============TOP CHAIN VERTICES=============
0: (26, 112)
1: (26, 72)
5: (53, 83)
6: (60, 25)
9: (73, 249)
11: (92, 93)
13: (111, 237)
15: (143, 204)
16: (187, 11)
17: (190, 10)
20: (207, 12)
21: (209, 182)
25: (270, 49)
28: (324, 182)
29: (363, 88)
31: (415, 28)
34: (440, 75)
36: (480, 156)
38: (502, 208)
45: (562, 400)
47: (589, 170)
===========BOTTOM CHAIN VERTICES============
2: (33, 109)
3: (45, 273)
4: (52, 153)
7: (60, 223)
8: (64, 236)
10: (79, 297)
12: (94, 173)
14: (137, 377)
18: (200, 136)
19: (206, 12)
22: (209, 189)
23: (213, 205)
24: (249, 138)
26: (279, 85)
27: (319, 184)
30: (381, 244)
32: (420, 143)
33: (422, 389)
35: (475, 273)
37: (490, 296)
39: (505, 302)
40: (508, 258)
41: (519, 405)
42: (521, 298)
43: (526, 311)
44: (529, 351)
46: (576, 451)
48: (634, 39)
49: (635, 24)
==================EDGES=====================
(26, 112) -> (26, 72)
(26, 72) -> (53, 83)
(53, 83) -> (60, 25)
(60, 25) -> (73, 249)
(73, 249) -> (92, 93)
(92, 93) -> (111, 237)
(111, 237) -> (143, 204)
(143, 204) -> (187, 11)
(187, 11) -> (190, 10)
(190, 10) -> (207, 12)
(207, 12) -> (209, 182)
(209, 182) -> (270, 49)
(270, 49) -> (324, 182)
(324, 182) -> (363, 88)
(363, 88) -> (415, 28)
(415, 28) -> (440, 75)
(440, 75) -> (480, 156)
(480, 156) -> (502, 208)
(502, 208) -> (562, 400)
(562, 400) -> (589, 170)
(26, 112) -> (33, 109)
(33, 109) -> (45, 273)
(45, 273) -> (52, 153)
(52, 153) -> (60, 223)
(60, 223) -> (64, 236)
(64, 236) -> (79, 297)
(79, 297) -> (94, 173)
(94, 173) -> (137, 377)
(137, 377) -> (200, 136)
(200, 136) -> (206, 12)
(206, 12) -> (209, 189)
(209, 189) -> (213, 205)
(213, 205) -> (249, 138)
(249, 138) -> (279, 85)
(279, 85) -> (319, 184)
(319, 184) -> (381, 244)
(381, 244) -> (420, 143)
(420, 143) -> (422, 389)
(422, 389) -> (475, 273)
(475, 273) -> (490, 296)
(490, 296) -> (505, 302)
(505, 302) -> (508, 258)
(508, 258) -> (519, 405)
(519, 405) -> (521, 298)
(521, 298) -> (526, 311)
(526, 311) -> (529, 351)
(529, 351) -> (576, 451)
(576, 451) -> (634, 39)
(634, 39) -> (635, 24)
(635, 24) -> (589, 170)
