Vertices: 100
Top chain length: 42
Bottom chain length: 58
=============TOP CHAIN VERTICES=============
0: (32, 240)
1: (32, 18)
4: (89, 60)
15: (194, 117)
16: (213, 310)
18: (256, 129)
19: (265, 77)
21: (288, 41)
22: (298, 3)
24: (300, 8)
31: (369, 339)
32: (414, 43)
34: (423, 155)
35: (434, 48)
38: (458, 191)
39: (468, 56)
41: (478, 121)
43: (502, 94)
44: (530, 144)
46: (583, 14)
48: (635, 35)
49: (649, 146)
51: (657, 6)
54: (755, 105)
56: (764, 113)
57: (806, 46)
60: (818, 291)
65: (887, 210)
66: (890, 113)
70: (918, 20)
71: (959, 252)
74: (1022, 61)
75: (1031, 124)
78: (1050, 324)
79: (1089, 195)
81: (1109, 73)
82: (1117, 32)
85: (1153, 44)
89: (1226, 136)
90: (1230, 60)
94: (1256, 168)
95: (1265, 53)
===========BOTTOM CHAIN VERTICES============
2: (38, 207)
3: (53, 114)
5: (94, 256)
6: (114, 98)
7: (123, 253)
8: (146, 215)
9: (156, 197)
10: (172, 144)
11: (176, 213)
12: (178, 119)
13: (187, 388)
14: (191, 305)
17: (228, 328)
20: (281, 73)
23: (298, 210)
25: (322, 203)
26: (326, 266)
27: (331, 191)
28: (334, 336)
29: (343, 220)
30: (344, 355)
33: (421, 363)
36: (446, 200)
37: (452, 350)
40: (469, 107)
42: (485, 159)
45: (549, 312)
47: (617, 82)
50: (650, 160)
52: (733, 149)
53: (741, 186)
55: (759, 151)
58: (812, 189)
59: (816, 256)
61: (818, 446)
62: (829, 282)
63: (842, 290)
64: (867, 441)
67: (897, 95)
68: (911, 63)
69: (915, 203)
72: (971, 348)
73: (1020, 297)
76: (1041, 253)
77: (1043, 311)
80: (1100, 439)
83: (1126, 116)
84: (1129, 103)
86: (1164, 233)
87: (1168, 285)
88: (1211, 142)
91: (1233, 220)
92: (1249, 159)
93: (1251, 190)
96: (1283, 247)
97: (1289, 204)
98: (1351, 269)
99: (1397, 196)
==================EDGES=====================
(32, 240) -> (32, 18)
(32, 18) -> (89, 60)
(89, 60) -> (194, 117)
(194, 117) -> (213, 310)
(213, 310) -> (256, 129)
(256, 129) -> (265, 77)
(265, 77) -> (288, 41)
(288, 41) -> (298, 3)
(298, 3) -> (300, 8)
(300, 8) -> (369, 339)
(369, 339) -> (414, 43)
(414, 43) -> (423, 155)
(423, 155) -> (434, 48)
(434, 48) -> (458, 191)
(458, 191) -> (468, 56)
(468, 56) -> (478, 121)
(478, 121) -> (502, 94)
(502, 94) -> (530, 144)
(530, 144) -> (583, 14)
(583, 14) -> (635, 35)
(635, 35) -> (649, 146)
(649, 146) -> (657, 6)
(657, 6) -> (755, 105)
(755, 105) -> (764, 113)
(764, 113) -> (806, 46)
(806, 46) -> (818, 291)
(818, 291) -> (887, 210)
(887, 210) -> (890, 113)
(890, 113) -> (918, 20)
(918, 20) -> (959, 252)
(959, 252) -> (1022, 61)
(1022, 61) -> (1031, 124)
(1031, 124) -> (1050, 324)
(1050, 324) -> (1089, 195)
(1089, 195) -> (1109, 73)
(1109, 73) -> (1117, 32)
(1117, 32) -> (1153, 44)
(1153, 44) -> (1226, 136)
(1226, 136) -> (1230, 60)
(1230, 60) -> (1256, 168)
(1256, 168) -> (1265, 53)
(32, 240) -> (38, 207)
(38, 207) -> (53, 114)
(53, 114) -> (94, 256)
(94, 256) -> (114, 98)
(114, 98) -> (123, 253)
(123, 253) -> (146, 215)
(146, 215) -> (156, 197)
(156, 197) -> (172, 144)
(172, 144) -> (176, 213)
(176, 213) -> (178, 119)
(178, 119) -> (187, 388)
(187, 388) -> (191, 305)
(191, 305) -> (228, 328)
(228, 328) -> (281, 73)
(281, 73) -> (298, 210)
(298, 210) -> (322, 203)
(322, 203) -> (326, 266)
(326, 266) -> (331, 191)
(331, 191) -> (334, 336)
(334, 336) -> (343, 220)
(343, 220) -> (344, 355)
(344, 355) -> (421, 363)
(421, 363) -> (446, 200)
(446, 200) -> (452, 350)
(452, 350) -> (469, 107)
(469, 107) -> (485, 159)
(485, 159) -> (549, 312)
(549, 312) -> (617, 82)
(617, 82) -> (650, 160)
(650, 160) -> (733, 149)
(733, 149) -> (741, 186)
(741, 186) -> (759, 151)
(759, 151) -> (812, 189)
(812, 189) -> (816, 256)
(816, 256) -> (818, 446)
(818, 446) -> (829, 282)
(829, 282) -> (842, 290)
(842, 290) -> (867, 441)
(867, 441) -> (897, 95)
(897, 95) -> (911, 63)
(911, 63) -> (915, 203)
(915, 203) -> (971, 348)
(971, 348) -> (1020, 297)
(1020, 297) -> (1041, 253)
(1041, 253) -> (1043, 311)
(1043, 311) -> (1100, 439)
(1100, 439) -> (1126, 116)
(1126, 116) -> (1129, 103)
(1129, 103) -> (1164, 233)
(1164, 233) -> (1168, 285)
(1168, 285) -> (1211, 142)
(1211, 142) -> (1233, 220)
(1233, 220) -> (1249, 159)
(1249, 159) -> (1251, 190)
(1251, 190) -> (1283, 247)
(1283, 247) -> (1289, 204)
(1289, 204) -> (1351, 269)
(1351, 269) -> (1397, 196)
(1397, 196) -> (1265, 53)
