Vertices: 100
Top chain length: 66
Bottom chain length: 34
=============TOP CHAIN VERTICES=============
0: (9, 256)
1: (9, 100)
2: (31, 231)
3: (56, 74)
5: (99, 86)
7: (142, 74)
8: (147, 109)
10: (159, 85)
13: (213, 13)
15: (242, 36)
17: (260, 70)
18: (271, 80)
19: (289, 190)
22: (315, 32)
24: (324, 82)
26: (348, 13)
30: (408, 120)
33: (474, 287)
35: (526, 88)
36: (536, 117)
40: (561, 320)
44: (590, 178)
47: (622, 249)
48: (659, 350)
49: (669, 61)
51: (695, 153)
54: (783, 99)
56: (817, 127)
59: (853, 222)
62: (905, 55)
63: (930, 13)
65: (947, 75)
66: (1010, 3)
67: (1036, 221)
68: (1077, 14)
69: (1090, 157)
70: (1097, 285)
71: (1162, 229)
72: (1192, 518)
73: (1229, 61)
74: (1248, 184)
75: (1295, 71)
76: (1318, 365)
77: (1400, 129)
78: (1400, 203)
79: (1481, 42)
80: (1554, 186)
81: (1566, 57)
82: (1602, 94)
83: (1646, 2)
84: (1659, 34)
85: (1685, 80)
86: (1711, 194)
87: (1742, 47)
88: (1769, 36)
89: (1812, 131)
90: (1841, 12)
91: (1855, 60)
92: (1864, 50)
93: (1942, 115)
94: (2022, 92)
95: (2022, 100)
96: (2024, 150)
97: (2042, 103)
98: (2094, 136)
99: (2099, 187)
===========BOTTOM CHAIN VERTICES============
4: (76, 254)
6: (103, 148)
9: (148, 172)
11: (181, 252)
12: (212, 249)
14: (220, 100)
16: (242, 142)
20: (295, 314)
21: (301, 167)
23: (323, 156)
25: (342, 325)
27: (350, 191)
28: (375, 117)
29: (402, 197)
31: (442, 252)
32: (460, 280)
34: (481, 300)
37: (543, 187)
38: (545, 274)
39: (551, 255)
41: (562, 348)
42: (575, 318)
43: (589, 187)
45: (599, 280)
46: (616, 258)
50: (684, 441)
52: (721, 153)
53: (765, 125)
55: (787, 137)
57: (825, 219)
58: (838, 288)
60: (862, 359)
61: (884, 309)
64: (933, 659)
==================EDGES=====================
(9, 256) -> (9, 100)
(9, 100) -> (31, 231)
(31, 231) -> (56, 74)
(56, 74) -> (99, 86)
(99, 86) -> (142, 74)
(142, 74) -> (147, 109)
(147, 109) -> (159, 85)
(159, 85) -> (213, 13)
(213, 13) -> (242, 36)
(242, 36) -> (260, 70)
(260, 70) -> (271, 80)
(271, 80) -> (289, 190)
(289, 190) -> (315, 32)
(315, 32) -> (324, 82)
(324, 82) -> (348, 13)
(348, 13) -> (408, 120)
(408, 120) -> (474, 287)
(474, 287) -> (526, 88)
(526, 88) -> (536, 117)
(536, 117) -> (561, 320)
(561, 320) -> (590, 178)
(590, 178) -> (622, 249)
(622, 249) -> (659, 350)
(659, 350) -> (669, 61)
(669, 61) -> (695, 153)
(695, 153) -> (783, 99)
(783, 99) -> (817, 127)
(817, 127) -> (853, 222)
(853, 222) -> (905, 55)
(905, 55) -> (930, 13)
(930, 13) -> (947, 75)
(947, 75) -> (1010, 3)
(1010, 3) -> (1036, 221)
(1036, 221) -> (1077, 14)
(1077, 14) -> (1090, 157)
(1090, 157) -> (1097, 285)
(1097, 285) -> (1162, 229)
(1162, 229) -> (1192, 518)
(1192, 518) -> (1229, 61)
(1229, 61) -> (1248, 184)
(1248, 184) -> (1295, 71)
(1295, 71) -> (1318, 365)
(1318, 365) -> (1400, 129)
(1400, 129) -> (1400, 203)
(1400, 203) -> (1481, 42)
(1481, 42) -> (1554, 186)
(1554, 186) -> (1566, 57)
(1566, 57) -> (1602, 94)
(1602, 94) -> (1646, 2)
(1646, 2) -> (1659, 34)
(1659, 34) -> (1685, 80)
(1685, 80) -> (1711, 194)
(1711, 194) -> (1742, 47)
(1742, 47) -> (1769, 36)
(1769, 36) -> (1812, 131)
(1812, 131) -> (1841, 12)
(1841, 12) -> (1855, 60)
(1855, 60) -> (1864, 50)
(1864, 50) -> (1942, 115)
(1942, 115) -> (2022, 92)
(2022, 92) -> (2022, 100)
(2022, 100) -> (2024, 150)
(2024, 150) -> (2042, 103)
(2042, 103) -> (2094, 136)
(2094, 136) -> (2099, 187)
(9, 256) -> (76, 254)
(76, 254) -> (103, 148)
(103, 148) -> (148, 172)
(148, 172) -> (181, 252)
(181, 252) -> (212, 249)
(212, 249) -> (220, 100)
(220, 100) -> (242, 142)
(242, 142) -> (295, 314)
(295, 314) -> (301, 167)
(301, 167) -> (323, 156)
(323, 156) -> (342, 325)
(342, 325) -> (350, 191)
(350, 191) -> (375, 117)
(375, 117) -> (402, 197)
(402, 197) -> (442, 252)
(442, 252) -> (460, 280)
(460, 280) -> (481, 300)
(481, 300) -> (543, 187)
(543, 187) -> (545, 274)
(545, 274) -> (551, 255)
(551, 255) -> (562, 348)
(562, 348) -> (575, 318)
(575, 318) -> (589, 187)
(589, 187) -> (599, 280)
(599, 280) -> (616, 258)
(616, 258) -> (684, 441)
(684, 441) -> (721, 153)
(721, 153) -> (765, 125)
(765, 125) -> (787, 137)
(787, 137) -> (825, 219)
(825, 219) -> (838, 288)
(838, 288) -> (862, 359)
(862, 359) -> (884, 309)
(884, 309) -> (933, 659)
(933, 659) -> (2099, 187)
