Vertices: 50
Top chain length: 22
Bottom chain length: 28
=============TOP CHAIN VERTICES=============
0: (53, 82)
1: (53, 80)
7: (94, 111)
11: (161, 291)
12: (176, 104)
13: (200, 136)
16: (227, 122)
18: (266, 81)
20: (283, 99)
24: (397, 157)
26: (422, 233)
28: (484, 16)
29: (502, 24)
33: (567, 67)
35: (600, 128)
37: (635, 189)
39: (642, 155)
40: (665, 112)
42: (701, 26)
44: (739, 2)
45: (739, 46)
48: (778, 186)
===========BOTTOM CHAIN VERTICES============
2: (72, 123)
3: (75, 174)
4: (79, 191)
5: (81, 199)
6: (87, 124)
8: (107, 200)
9: (137, 283)
10: (154, 302)
14: (220, 318)
15: (226, 226)
17: (235, 137)
19: (272, 99)
21: (314, 236)
22: (348, 153)
23: (374, 171)
25: (418, 286)
27: (443, 214)
30: (511, 74)
31: (544, 211)
32: (553, 167)
34: (595, 175)
36: (606, 295)
38: (641, 297)
41: (684, 78)
43: (724, 182)
46: (745, 104)
47: (750, 139)
49: (793, 229)
==================EDGES=====================
(53, 82) -> (53, 80)
(53, 80) -> (94, 111)
(94, 111) -> (161, 291)
(161, 291) -> (176, 104)
(176, 104) -> (200, 136)
(200, 136) -> (227, 122)
(227, 122) -> (266, 81)
(266, 81) -> (283, 99)
(283, 99) -> (397, 157)
(397, 157) -> (422, 233)
(422, 233) -> (484, 16)
(484, 16) -> (502, 24)
(502, 24) -> (567, 67)
(567, 67) -> (600, 128)
(600, 128) -> (635, 189)
(635, 189) -> (642, 155)
(642, 155) -> (665, 112)
(665, 112) -> (701, 26)
(701, 26) -> (739, 2)
(739, 2) -> (739, 46)
(739, 46) -> (778, 186)
(53, 82) -> (72, 123)
(72, 123) -> (75, 174)
(75, 174) -> (79, 191)
(79, 191) -> (81, 199)
(81, 199) -> (87, 124)
(87, 124) -> (107, 200)
(107, 200) -> (137, 283)
(137, 283) -> (154, 302)
(154, 302) -> (220, 318)
(220, 318) -> (226, 226)
(226, 226) -> (235, 137)
(235, 137) -> (272, 99)
(272, 99) -> (314, 236)
(314, 236) -> (348, 153)
(348, 153) -> (374, 171)
(374, 171) -> (418, 286)
(418, 286) -> (443, 214)
(443, 214) -> (511, 74)
(511, 74) -> (544, 211)
(544, 211) -> (553, 167)
(553, 167) -> (595, 175)
(595, 175) -> (606, 295)
(606, 295) -> (641, 297)
(641, 297) -> (684, 78)
(684, 78) -> (724, 182)
(724, 182) -> (745, 104)
(745, 104) -> (750, 139)
(750, 139) -> (793, 229)
(793, 229) -> (778, 186)
