Vertices: 100
Top chain length: 59
Bottom chain length: 41
=============TOP CHAIN VERTICES=============
0: (0, 116)
1: (0, 63)
5: (33, 266)
8: (86, 155)
9: (88, 47)
11: (101, 126)
12: (107, 1)
16: (213, 28)
18: (219, 80)
19: (235, 150)
20: (252, 127)
23: (359, 81)
26: (379, 9)
27: (383, 14)
31: (405, 240)
32: (407, 115)
33: (409, 73)
35: (489, 43)
37: (502, 75)
39: (511, 187)
41: (516, 127)
44: (568, 247)
45: (584, 184)
46: (591, 73)
47: (612, 73)
50: (648, 128)
51: (672, 75)
53: (682, 18)
54: (689, 65)
55: (711, 40)
56: (715, 124)
58: (757, 4)
59: (761, 26)
61: (781, 59)
65: (862, 182)
69: (898, 290)
71: (968, 72)
73: (975, 18)
76: (1008, 58)
77: (1033, 134)
79: (1087, 61)
82: (1157, 134)
83: (1228, 237)
84: (1256, 75)
85: (1313, 177)
86: (1349, 242)
87: (1421, 195)
88: (1446, 66)
89: (1476, 171)
90: (1498, 276)
91: (1500, 118)
92: (1536, 64)
93: (1539, 219)
94: (1558, 298)
95: (1638, 41)
96: (1671, 71)
97: (1698, 35)
98: (1769, 97)
99: (1783, 388)
===========BOTTOM CHAIN VERTICES============
2: (3, 137)
3: (11, 215)
4: (16, 214)
6: (50, 378)
7: (61, 280)
10: (92, 221)
13: (160, 84)
14: (190, 25)
15: (199, 124)
17: (214, 192)
21: (301, 185)
22: (321, 367)
24: (360, 189)
25: (378, 74)
28: (387, 192)
29: (390, 302)
30: (397, 266)
34: (436, 303)
36: (493, 86)
38: (505, 153)
40: (513, 204)
42: (528, 221)
43: (546, 417)
48: (624, 145)
49: (632, 142)
52: (677, 292)
57: (718, 150)
60: (773, 153)
62: (811, 246)
63: (838, 566)
64: (854, 257)
66: (863, 266)
67: (869, 223)
68: (871, 302)
70: (924, 307)
72: (974, 192)
74: (983, 87)
75: (1000, 82)
78: (1067, 295)
80: (1092, 182)
81: (1114, 257)
==================EDGES=====================
(0, 116) -> (0, 63)
(0, 63) -> (33, 266)
(33, 266) -> (86, 155)
(86, 155) -> (88, 47)
(88, 47) -> (101, 126)
(101, 126) -> (107, 1)
(107, 1) -> (213, 28)
(213, 28) -> (219, 80)
(219, 80) -> (235, 150)
(235, 150) -> (252, 127)
(252, 127) -> (359, 81)
(359, 81) -> (379, 9)
(379, 9) -> (383, 14)
(383, 14) -> (405, 240)
(405, 240) -> (407, 115)
(407, 115) -> (409, 73)
(409, 73) -> (489, 43)
(489, 43) -> (502, 75)
(502, 75) -> (511, 187)
(511, 187) -> (516, 127)
(516, 127) -> (568, 247)
(568, 247) -> (584, 184)
(584, 184) -> (591, 73)
(591, 73) -> (612, 73)
(612, 73) -> (648, 128)
(648, 128) -> (672, 75)
(672, 75) -> (682, 18)
(682, 18) -> (689, 65)
(689, 65) -> (711, 40)
(711, 40) -> (715, 124)
(715, 124) -> (757, 4)
(757, 4) -> (761, 26)
(761, 26) -> (781, 59)
(781, 59) -> (862, 182)
(862, 182) -> (898, 290)
(898, 290) -> (968, 72)
(968, 72) -> (975, 18)
(975, 18) -> (1008, 58)
(1008, 58) -> (1033, 134)
(1033, 134) -> (1087, 61)
(1087, 61) -> (1157, 134)
(1157, 134) -> (1228, 237)
(1228, 237) -> (1256, 75)
(1256, 75) -> (1313, 177)
(1313, 177) -> (1349, 242)
(1349, 242) -> (1421, 195)
(1421, 195) -> (1446, 66)
(1446, 66) -> (1476, 171)
(1476, 171) -> (1498, 276)
(1498, 276) -> (1500, 118)
(1500, 118) -> (1536, 64)
(1536, 64) -> (1539, 219)
(1539, 219) -> (1558, 298)
(1558, 298) -> (1638, 41)
(1638, 41) -> (1671, 71)
(1671, 71) -> (1698, 35)
(1698, 35) -> (1769, 97)
(1769, 97) -> (1783, 388)
(0, 116) -> (3, 137)
(3, 137) -> (11, 215)
(11, 215) -> (16, 214)
(16, 214) -> (50, 378)
(50, 378) -> (61, 280)
(61, 280) -> (92, 221)
(92, 221) -> (160, 84)
(160, 84) -> (190, 25)
(190, 25) -> (199, 124)
(199, 124) -> (214, 192)
(214, 192) -> (301, 185)
(301, 185) -> (321, 367)
(321, 367) -> (360, 189)
(360, 189) -> (378, 74)
(378, 74) -> (387, 192)
(387, 192) -> (390, 302)
(390, 302) -> (397, 266)
(397, 266) -> (436, 303)
(436, 303) -> (493, 86)
(493, 86) -> (505, 153)
(505, 153) -> (513, 204)
(513, 204) -> (528, 221)
(528, 221) -> (546, 417)
(546, 417) -> (624, 145)
(624, 145) -> (632, 142)
(632, 142) -> (677, 292)
(677, 292) -> (718, 150)
(718, 150) -> (773, 153)
(773, 153) -> (811, 246)
(811, 246) -> (838, 566)
(838, 566) -> (854, 257)
(854, 257) -> (863, 266)
(863, 266) -> (869, 223)
(869, 223) -> (871, 302)
(871, 302) -> (924, 307)
(924, 307) -> (974, 192)
(974, 192) -> (983, 87)
(983, 87) -> (1000, 82)
(1000, 82) -> (1067, 295)
(1067, 295) -> (1092, 182)
(1092, 182) -> (1114, 257)
(1114, 257) -> (1783, 388)
