Vertices: 100
Top chain length: 48
Bottom chain length: 52
=============TOP CHAIN VERTICES=============
0: (52, 399)
1: (52, 127)
4: (83, 156)
6: (127, 254)
8: (182, 174)
9: (191, 61)
10: (203, 211)
12: (214, 267)
13: (231, 1)
18: (282, 11)
19: (292, 6)
20: (295, 228)
22: (327, 88)
24: (351, 75)
25: (353, 49)
26: (378, 107)
28: (429, 53)
30: (482, 15)
32: (490, 49)
36: (503, 268)
40: (605, 89)
41: (610, 101)
43: (638, 16)
44: (651, 151)
45: (687, 129)
47: (705, 87)
49: (714, 88)
51: (730, 219)
52: (738, 156)
53: (749, 121)
55: (758, 51)
58: (783, 107)
61: (809, 214)
64: (855, 27)
67: (901, 195)
69: (944, 112)
73: (1010, 252)
78: (1056, 14)
79: (1068, 112)
80: (1076, 49)
85: (1123, 89)
86: (1136, 155)
88: (1154, 86)
91: (1189, 73)
96: (1231, 407)
97: (1309, 288)
98: (1324, 24)
99: (1357, 274)
===========BOTTOM CHAIN VERTICES============
2: (61, 139)
3: (75, 177)
5: (101, 211)
7: (153, 352)
11: (206, 360)
14: (231, 86)
15: (239, 51)
16: (242, 205)
17: (273, 37)
21: (302, 344)
23: (333, 232)
27: (413, 206)
29: (473, 194)
31: (489, 149)
33: (491, 172)
34: (494, 228)
35: (496, 241)
37: (504, 343)
38: (533, 298)
39: (588, 126)
42: (615, 392)
46: (697, 217)
48: (708, 127)
50: (726, 268)
54: (755, 131)
56: (766, 189)
57: (773, 151)
59: (783, 184)
60: (798, 258)
62: (833, 400)
63: (853, 124)
65: (865, 156)
66: (873, 189)
68: (939, 257)
70: (969, 272)
71: (976, 194)
72: (991, 242)
74: (1019, 313)
75: (1030, 222)
76: (1047, 69)
77: (1052, 179)
81: (1103, 136)
82: (1105, 78)
83: (1111, 128)
84: (1113, 214)
87: (1144, 165)
89: (1155, 162)
90: (1177, 105)
92: (1196, 156)
93: (1205, 281)
94: (1210, 289)
95: (1220, 559)
==================EDGES=====================
(52, 399) -> (52, 127)
(52, 127) -> (83, 156)
(83, 156) -> (127, 254)
(127, 254) -> (182, 174)
(182, 174) -> (191, 61)
(191, 61) -> (203, 211)
(203, 211) -> (214, 267)
(214, 267) -> (231, 1)
(231, 1) -> (282, 11)
(282, 11) -> (292, 6)
(292, 6) -> (295, 228)
(295, 228) -> (327, 88)
(327, 88) -> (351, 75)
(351, 75) -> (353, 49)
(353, 49) -> (378, 107)
(378, 107) -> (429, 53)
(429, 53) -> (482, 15)
(482, 15) -> (490, 49)
(490, 49) -> (503, 268)
(503, 268) -> (605, 89)
(605, 89) -> (610, 101)
(610, 101) -> (638, 16)
(638, 16) -> (651, 151)
(651, 151) -> (687, 129)
(687, 129) -> (705, 87)
(705, 87) -> (714, 88)
(714, 88) -> (730, 219)
(730, 219) -> (738, 156)
(738, 156) -> (749, 121)
(749, 121) -> (758, 51)
(758, 51) -> (783, 107)
(783, 107) -> (809, 214)
(809, 214) -> (855, 27)
(855, 27) -> (901, 195)
(901, 195) -> (944, 112)
(944, 112) -> (1010, 252)
(1010, 252) -> (1056, 14)
(1056, 14) -> (1068, 112)
(1068, 112) -> (1076, 49)
(1076, 49) -> (1123, 89)
(1123, 89) -> (1136, 155)
(1136, 155) -> (1154, 86)
(1154, 86) -> (1189, 73)
(1189, 73) -> (1231, 407)
(1231, 407) -> (1309, 288)
(1309, 288) -> (1324, 24)
(1324, 24) -> (1357, 274)
(52, 399) -> (61, 139)
(61, 139) -> (75, 177)
(75, 177) -> (101, 211)
(101, 211) -> (153, 352)
(153, 352) -> (206, 360)
(206, 360) -> (231, 86)
(231, 86) -> (239, 51)
(239, 51) -> (242, 205)
(242, 205) -> (273, 37)
(273, 37) -> (302, 344)
(302, 344) -> (333, 232)
(333, 232) -> (413, 206)
(413, 206) -> (473, 194)
(473, 194) -> (489, 149)
(489, 149) -> (491, 172)
(491, 172) -> (494, 228)
(494, 228) -> (496, 241)
(496, 241) -> (504, 343)
(504, 343) -> (533, 298)
(533, 298) -> (588, 126)
(588, 126) -> (615, 392)
(615, 392) -> (697, 217)
(697, 217) -> (708, 127)
(708, 127) -> (726, 268)
(726, 268) -> (755, 131)
(755, 131) -> (766, 189)
(766, 189) -> (773, 151)
(773, 151) -> (783, 184)
(783, 184) -> (798, 258)
(798, 258) -> (833, 400)
(833, 400) -> (853, 124)
(853, 124) -> (865, 156)
(865, 156) -> (873, 189)
(873, 189) -> (939, 257)
(939, 257) -> (969, 272)
(969, 272) -> (976, 194)
(976, 194) -> (991, 242)
(991, 242) -> (1019, 313)
(1019, 313) -> (1030, 222)
(1030, 222) -> (1047, 69)
(1047, 69) -> (1052, 179)
(1052, 179) -> (1103, 136)
(1103, 136) -> (1105, 78)
(1105, 78) -> (1111, 128)
(1111, 128) -> (1113, 214)
(1113, 214) -> (1144, 165)
(1144, 165) -> (1155, 162)
(1155, 162) -> (1177, 105)
(1177, 105) -> (1196, 156)
(1196, 156) -> (1205, 281)
(1205, 281) -> (1210, 289)
(1210, 289) -> (1220, 559)
(1220, 559) -> (1357, 274)
