Vertices: 50
Top chain length: 28
Bottom chain length: 22
=============TOP CHAIN VERTICES=============
0: (22, 127)
1: (22, 11)
2: (47, 191)
4: (61, 144)
5: (79, 174)
6: (90, 45)
12: (168, 203)
13: (188, 13)
15: (203, 103)
17: (254, 236)
19: (279, 55)
21: (282, 84)
22: (292, 17)
24: (337, 40)
25: (366, 115)
27: (405, 5)
30: (411, 56)
34: (485, 29)
35: (517, 131)
38: (587, 26)
39: (612, 183)
43: (684, 90)
44: (750, 53)
45: (752, 65)
46: (826, 215)
47: (832, 16)
48: (859, 72)
49: (926, 72)
===========BOTTOM CHAIN VERTICES============
3: (49, 290)
7: (93, 262)
8: (113, 172)
9: (121, 386)
10: (156, 202)
11: (165, 254)
14: (199, 227)
16: (233, 182)
18: (274, 308)
20: (281, 286)
23: (324, 144)
26: (379, 153)
28: (406, 94)
29: (409, 118)
31: (437, 110)
32: (451, 50)
33: (479, 181)
36: (518, 203)
37: (560, 173)
40: (632, 296)
41: (654, 167)
42: (659, 480)
==================EDGES=====================
(22, 127) -> (22, 11)
(22, 11) -> (47, 191)
(47, 191) -> (61, 144)
(61, 144) -> (79, 174)
(79, 174) -> (90, 45)
(90, 45) -> (168, 203)
(168, 203) -> (188, 13)
(188, 13) -> (203, 103)
(203, 103) -> (254, 236)
(254, 236) -> (279, 55)
(279, 55) -> (282, 84)
(282, 84) -> (292, 17)
(292, 17) -> (337, 40)
(337, 40) -> (366, 115)
(366, 115) -> (405, 5)
(405, 5) -> (411, 56)
(411, 56) -> (485, 29)
(485, 29) -> (517, 131)
(517, 131) -> (587, 26)
(587, 26) -> (612, 183)
(612, 183) -> (684, 90)
(684, 90) -> (750, 53)
(750, 53) -> (752, 65)
(752, 65) -> (826, 215)
(826, 215) -> (832, 16)
(832, 16) -> (859, 72)
(859, 72) -> (926, 72)
(22, 127) -> (49, 290)
(49, 290) -> (93, 262)
(93, 262) -> (113, 172)
(113, 172) -> (121, 386)
(121, 386) -> (156, 202)
(156, 202) -> (165, 254)
(165, 254) -> (199, 227)
(199, 227) -> (233, 182)
(233, 182) -> (274, 308)
(274, 308) -> (281, 286)
(281, 286) -> (324, 144)
(324, 144) -> (379, 153)
(379, 153) -> (406, 94)
(406, 94) -> (409, 118)
(409, 118) -> (437, 110)
(437, 110) -> (451, 50)
(451, 50) -> (479, 181)
(479, 181) -> (518, 203)
(518, 203) -> (560, 173)
(560, 173) -> (632, 296)
(632, 296) -> (654, 167)
(654, 167) -> (659, 480)
(659, 480) -> (926, 72)
