Vertices: 100
Top chain length: 43
Bottom chain length: 57
=============TOP CHAIN VERTICES=============
0: (31, 149)
1: (31, 73)
2: (58, 54)
4: (111, 123)
8: (175, 23)
10: (188, 65)
12: (203, 170)
15: (209, 318)
16: (226, 182)
18: (246, 27)
19: (251, 107)
21: (256, 196)
22: (263, 139)
23: (320, 54)
26: (426, 81)
28: (449, 0)
30: (461, 75)
32: (475, 139)
35: (523, 184)
37: (592, 203)
39: (637, 167)
41: (689, 69)
44: (707, 197)
47: (767, 3)
48: (774, 1)
52: (793, 135)
56: (828, 269)
57: (836, 44)
59: (900, 61)
61: (960, 86)
65: (1004, 148)
66: (1049, 133)
69: (1068, 168)
70: (1076, 161)
74: (1124, 25)
76: (1169, 19)
77: (1176, 4)
78: (1187, 25)
80: (1211, 4)
82: (1242, 23)
85: (1341, 20)
88: (1369, 254)
90: (1417, 73)
===========BOTTOM CHAIN VERTICES============
3: (66, 226)
5: (128, 175)
6: (158, 179)
7: (166, 155)
9: (183, 357)
11: (193, 165)
13: (203, 261)
14: (207, 368)
17: (245, 73)
20: (254, 323)
24: (326, 290)
25: (374, 99)
27: (448, 112)
29: (449, 30)
31: (472, 293)
33: (504, 190)
34: (517, 295)
36: (547, 347)
38: (610, 231)
40: (654, 343)
42: (689, 91)
43: (700, 195)
45: (727, 217)
46: (754, 222)
49: (775, 98)
50: (778, 169)
51: (792, 351)
53: (812, 334)
54: (817, 249)
55: (827, 274)
58: (873, 286)
60: (921, 113)
62: (963, 232)
63: (974, 157)
64: (993, 160)
67: (1060, 355)
68: (1066, 185)
71: (1085, 304)
72: (1090, 155)
73: (1096, 258)
75: (1135, 216)
79: (1201, 348)
81: (1240, 273)
83: (1271, 135)
84: (1328, 87)
86: (1344, 89)
87: (1348, 314)
89: (1412, 180)
91: (1508, 153)
92: (1589, 72)
93: (1595, 211)
94: (1629, 240)
95: (1631, 274)
96: (1678, 59)
97: (1718, 188)
98: (1746, 25)
99: (1754, 9)
==================EDGES=====================
(31, 149) -> (31, 73)
(31, 73) -> (58, 54)
(58, 54) -> (111, 123)
(111, 123) -> (175, 23)
(175, 23) -> (188, 65)
(188, 65) -> (203, 170)
(203, 170) -> (209, 318)
(209, 318) -> (226, 182)
(226, 182) -> (246, 27)
(246, 27) -> (251, 107)
(251, 107) -> (256, 196)
(256, 196) -> (263, 139)
(263, 139) -> (320, 54)
(320, 54) -> (426, 81)
(426, 81) -> (449, 0)
(449, 0) -> (461, 75)
(461, 75) -> (475, 139)
(475, 139) -> (523, 184)
(523, 184) -> (592, 203)
(592, 203) -> (637, 167)
(637, 167) -> (689, 69)
(689, 69) -> (707, 197)
(707, 197) -> (767, 3)
(767, 3) -> (774, 1)
(774, 1) -> (793, 135)
(793, 135) -> (828, 269)
(828, 269) -> (836, 44)
(836, 44) -> (900, 61)
(900, 61) -> (960, 86)
(960, 86) -> (1004, 148)
(1004, 148) -> (1049, 133)
(1049, 133) -> (1068, 168)
(1068, 168) -> (1076, 161)
(1076, 161) -> (1124, 25)
(1124, 25) -> (1169, 19)
(1169, 19) -> (1176, 4)
(1176, 4) -> (1187, 25)
(1187, 25) -> (1211, 4)
(1211, 4) -> (1242, 23)
(1242, 23) -> (1341, 20)
(1341, 20) -> (1369, 254)
(1369, 254) -> (1417, 73)
(31, 149) -> (66, 226)
(66, 226) -> (128, 175)
(128, 175) -> (158, 179)
(158, 179) -> (166, 155)
(166, 155) -> (183, 357)
(183, 357) -> (193, 165)
(193, 165) -> (203, 261)
(203, 261) -> (207, 368)
(207, 368) -> (245, 73)
(245, 73) -> (254, 323)
(254, 323) -> (326, 290)
(326, 290) -> (374, 99)
(374, 99) -> (448, 112)
(448, 112) -> (449, 30)
(449, 30) -> (472, 293)
(472, 293) -> (504, 190)
(504, 190) -> (517, 295)
(517, 295) -> (547, 347)
(547, 347) -> (610, 231)
(610, 231) -> (654, 343)
(654, 343) -> (689, 91)
(689, 91) -> (700, 195)
(700, 195) -> (727, 217)
(727, 217) -> (754, 222)
(754, 222) -> (775, 98)
(775, 98) -> (778, 169)
(778, 169) -> (792, 351)
(792, 351) -> (812, 334)
(812, 334) -> (817, 249)
(817, 249) -> (827, 274)
(827, 274) -> (873, 286)
(873, 286) -> (921, 113)
(921, 113) -> (963, 232)
(963, 232) -> (974, 157)
(974, 157) -> (993, 160)
(993, 160) -> (1060, 355)
(1060, 355) -> (1066, 185)
(1066, 185) -> (1085, 304)
(1085, 304) -> (1090, 155)
(1090, 155) -> (1096, 258)
(1096, 258) -> (1135, 216)
(1135, 216) -> (1201, 348)
(1201, 348) -> (1240, 273)
(1240, 273) -> (1271, 135)
(1271, 135) -> (1328, 87)
(1328, 87) -> (1344, 89)
(1344, 89) -> (1348, 314)
(1348, 314) -> (1412, 180)
(1412, 180) -> (1508, 153)
(1508, 153) -> (1589, 72)
(1589, 72) -> (1595, 211)
(1595, 211) -> (1629, 240)
(1629, 240) -> (1631, 274)
(1631, 274) -> (1678, 59)
(1678, 59) -> (1718, 188)
(1718, 188) -> (1746, 25)
(1746, 25) -> (1754, 9)
(1754, 9) -> (1417, 73)
