Vertices: 50
Top chain length: 24
Bottom chain length: 26
=============TOP CHAIN VERTICES=============
0: (6, 227)
1: (6, 118)
3: (51, 107)
4: (53, 171)
7: (103, 86)
9: (142, 66)
11: (185, 3)
12: (205, 36)
14: (219, 20)
16: (237, 193)
17: (239, 161)
18: (249, 8)
22: (284, 72)
23: (289, 253)
25: (295, 99)
26: (296, 156)
28: (297, 144)
30: (307, 167)
31: (323, 211)
35: (406, 11)
37: (409, 103)
40: (434, 237)
42: (460, 17)
43: (467, 9)
===========BOTTOM CHAIN VERTICES============
2: (13, 157)
5: (56, 261)
6: (69, 252)
8: (106, 317)
10: (159, 173)
13: (207, 184)
15: (231, 275)
19: (261, 369)
20: (268, 85)
21: (280, 119)
24: (293, 510)
27: (296, 207)
29: (297, 152)
32: (325, 354)
33: (352, 164)
34: (395, 279)
36: (408, 73)
38: (410, 253)
39: (430, 423)
41: (451, 159)
44: (469, 49)
45: (490, 131)
46: (543, 131)
47: (553, 180)
48: (603, 68)
49: (633, 78)
==================EDGES=====================
(6, 227) -> (6, 118)
(6, 118) -> (51, 107)
(51, 107) -> (53, 171)
(53, 171) -> (103, 86)
(103, 86) -> (142, 66)
(142, 66) -> (185, 3)
(185, 3) -> (205, 36)
(205, 36) -> (219, 20)
(219, 20) -> (237, 193)
(237, 193) -> (239, 161)
(239, 161) -> (249, 8)
(249, 8) -> (284, 72)
(284, 72) -> (289, 253)
(289, 253) -> (295, 99)
(295, 99) -> (296, 156)
(296, 156) -> (297, 144)
(297, 144) -> (307, 167)
(307, 167) -> (323, 211)
(323, 211) -> (406, 11)
(406, 11) -> (409, 103)
(409, 103) -> (434, 237)
(434, 237) -> (460, 17)
(460, 17) -> (467, 9)
(6, 227) -> (13, 157)
(13, 157) -> (56, 261)
(56, 261) -> (69, 252)
(69, 252) -> (106, 317)
(106, 317) -> (159, 173)
(159, 173) -> (207, 184)
(207, 184) -> (231, 275)
(231, 275) -> (261, 369)
(261, 369) -> (268, 85)
(268, 85) -> (280, 119)
(280, 119) -> (293, 510)
(293, 510) -> (296, 207)
(296, 207) -> (297, 152)
(297, 152) -> (325, 354)
(325, 354) -> (352, 164)
(352, 164) -> (395, 279)
(395, 279) -> (408, 73)
(408, 73) -> (410, 253)
(410, 253) -> (430, 423)
(430, 423) -> (451, 159)
(451, 159) -> (469, 49)
(469, 49) -> (490, 131)
(490, 131) -> (543, 131)
(543, 131) -> (553, 180)
(553, 180) -> (603, 68)
(603, 68) -> (633, 78)
(633, 78) -> (467, 9)
