Vertices: 100
Top chain length: 61
Bottom chain length: 39
=============TOP CHAIN VERTICES=============
0: (19, 290)
1: (19, 286)
4: (87, 181)
6: (107, 47)
8: (170, 85)
10: (216, 23)
12: (239, 47)
15: (280, 19)
16: (310, 119)
19: (344, 276)
20: (386, 19)
23: (441, 26)
27: (513, 48)
30: (528, 43)
31: (540, 39)
33: (559, 84)
34: (561, 112)
37: (583, 124)
39: (624, 65)
41: (637, 30)
43: (650, 94)
44: (661, 39)
49: (725, 180)
50: (751, 133)
53: (804, 307)
55: (853, 122)
56: (862, 85)
57: (865, 22)
59: (880, 2)
64: (941, 40)
66: (946, 218)
67: (985, 186)
68: (1001, 21)
72: (1103, 64)
73: (1131, 126)
74: (1142, 43)
75: (1200, 21)
76: (1227, 24)
77: (1270, 89)
78: (1337, 70)
79: (1365, 6)
80: (1372, 1)
81: (1380, 229)
82: (1405, 4)
83: (1472, 93)
84: (1563, 13)
85: (1599, 89)
86: (1601, 141)
87: (1635, 190)
88: (1652, 45)
89: (1652, 48)
90: (1668, 97)
91: (1685, 211)
92: (1713, 31)
93: (1740, 24)
94: (1740, 160)
95: (1753, 152)
96: (1792, 25)
97: (1850, 10)
98: (1858, 91)
99: (1904, 273)
===========BOTTOM CHAIN VERTICES============
2: (20, 286)
3: (66, 266)
5: (105, 233)
7: (143, 122)
9: (206, 60)
11: (218, 77)
13: (247, 116)
14: (256, 72)
17: (326, 245)
18: (340, 332)
21: (429, 69)
22: (430, 123)
24: (472, 116)
25: (478, 84)
26: (510, 81)
28: (513, 76)
29: (517, 76)
32: (556, 122)
35: (574, 212)
36: (576, 207)
38: (615, 157)
40: (627, 88)
42: (641, 242)
45: (672, 226)
46: (687, 285)
47: (691, 181)
48: (721, 176)
51: (763, 338)
52: (799, 425)
54: (813, 282)
58: (878, 256)
60: (915, 219)
61: (918, 163)
62: (928, 283)
63: (933, 129)
65: (942, 284)
69: (1032, 99)
70: (1045, 61)
71: (1071, 232)
==================EDGES=====================
(19, 290) -> (19, 286)
(19, 286) -> (87, 181)
(87, 181) -> (107, 47)
(107, 47) -> (170, 85)
(170, 85) -> (216, 23)
(216, 23) -> (239, 47)
(239, 47) -> (280, 19)
(280, 19) -> (310, 119)
(310, 119) -> (344, 276)
(344, 276) -> (386, 19)
(386, 19) -> (441, 26)
(441, 26) -> (513, 48)
(513, 48) -> (528, 43)
(528, 43) -> (540, 39)
(540, 39) -> (559, 84)
(559, 84) -> (561, 112)
(561, 112) -> (583, 124)
(583, 124) -> (624, 65)
(624, 65) -> (637, 30)
(637, 30) -> (650, 94)
(650, 94) -> (661, 39)
(661, 39) -> (725, 180)
(725, 180) -> (751, 133)
(751, 133) -> (804, 307)
(804, 307) -> (853, 122)
(853, 122) -> (862, 85)
(862, 85) -> (865, 22)
(865, 22) -> (880, 2)
(880, 2) -> (941, 40)
(941, 40) -> (946, 218)
(946, 218) -> (985, 186)
(985, 186) -> (1001, 21)
(1001, 21) -> (1103, 64)
(1103, 64) -> (1131, 126)
(1131, 126) -> (1142, 43)
(1142, 43) -> (1200, 21)
(1200, 21) -> (1227, 24)
(1227, 24) -> (1270, 89)
(1270, 89) -> (1337, 70)
(1337, 70) -> (1365, 6)
(1365, 6) -> (1372, 1)
(1372, 1) -> (1380, 229)
(1380, 229) -> (1405, 4)
(1405, 4) -> (1472, 93)
(1472, 93) -> (1563, 13)
(1563, 13) -> (1599, 89)
(1599, 89) -> (1601, 141)
(1601, 141) -> (1635, 190)
(1635, 190) -> (1652, 45)
(1652, 45) -> (1652, 48)
(1652, 48) -> (1668, 97)
(1668, 97) -> (1685, 211)
(1685, 211) -> (1713, 31)
(1713, 31) -> (1740, 24)
(1740, 24) -> (1740, 160)
(1740, 160) -> (1753, 152)
(1753, 152) -> (1792, 25)
(1792, 25) -> (1850, 10)
(1850, 10) -> (1858, 91)
(1858, 91) -> (1904, 273)
(19, 290) -> (20, 286)
(20, 286) -> (66, 266)
(66, 266) -> (105, 233)
(105, 233) -> (143, 122)
(143, 122) -> (206, 60)
(206, 60) -> (218, 77)
(218, 77) -> (247, 116)
(247, 116) -> (256, 72)
(256, 72) -> (326, 245)
(326, 245) -> (340, 332)
(340, 332) -> (429, 69)
(429, 69) -> (430, 123)
(430, 123) -> (472, 116)
(472, 116) -> (478, 84)
(478, 84) -> (510, 81)
(510, 81) -> (513, 76)
(513, 76) -> (517, 76)
(517, 76) -> (556, 122)
(556, 122) -> (574, 212)
(574, 212) -> (576, 207)
(576, 207) -> (615, 157)
(615, 157) -> (627, 88)
(627, 88) -> (641, 242)
(641, 242) -> (672, 226)
(672, 226) -> (687, 285)
(687, 285) -> (691, 181)
(691, 181) -> (721, 176)
(721, 176) -> (763, 338)
(763, 338) -> (799, 425)
(799, 425) -> (813, 282)
(813, 282) -> (878, 256)
(878, 256) -> (915, 219)
(915, 219) -> (918, 163)
(918, 163) -> (928, 283)
(928, 283) -> (933, 129)
(933, 129) -> (942, 284)
(942, 284) -> (1032, 99)
(1032, 99) -> (1045, 61)
(1045, 61) -> (1071, 232)
(1071, 232) -> (1904, 273)
