Vertices: 100
Top chain length: 50
Bottom chain length: 50
=============TOP CHAIN VERTICES=============
0: (42, 121)
1: (42, 35)
5: (61, 347)
8: (116, 218)
9: (145, 226)
11: (182, 42)
12: (186, 118)
16: (215, 165)
19: (286, 290)
21: (335, 238)
22: (344, 197)
24: (402, 183)
25: (409, 3)
27: (475, 9)
30: (511, 164)
33: (544, 57)
34: (553, 89)
38: (558, 161)
40: (594, 60)
43: (639, 50)
45: (659, 38)
48: (747, 169)
49: (754, 42)
52: (786, 217)
53: (786, 128)
54: (803, 114)
56: (860, 218)
57: (872, 153)
60: (923, 25)
61: (931, 198)
62: (961, 155)
64: (1000, 82)
65: (1001, 18)
67: (1024, 49)
73: (1120, 267)
74: (1129, 75)
75: (1132, 83)
77: (1174, 165)
80: (1237, 95)
83: (1247, 202)
86: (1258, 229)
88: (1317, 158)
90: (1355, 116)
92: (1411, 26)
94: (1445, 120)
95: (1455, 0)
96: (1458, 111)
97: (1471, 71)
98: (1478, 11)
99: (1480, 0)
===========BOTTOM CHAIN VERTICES============
2: (44, 173)
3: (52, 239)
4: (54, 281)
6: (63, 374)
7: (112, 284)
10: (152, 254)
13: (192, 129)
14: (198, 167)
15: (200, 248)
17: (229, 230)
18: (269, 325)
20: (331, 288)
23: (351, 302)
26: (469, 112)
28: (485, 122)
29: (491, 153)
31: (517, 238)
32: (537, 126)
35: (553, 112)
36: (555, 153)
37: (557, 161)
39: (583, 192)
41: (603, 168)
42: (621, 210)
44: (656, 211)
46: (670, 113)
47: (696, 241)
50: (760, 222)
51: (777, 206)
55: (832, 383)
58: (884, 185)
59: (899, 262)
63: (975, 305)
66: (1011, 60)
68: (1037, 281)
69: (1041, 216)
70: (1058, 151)
71: (1082, 213)
72: (1100, 238)
76: (1137, 304)
78: (1178, 315)
79: (1230, 179)
81: (1241, 141)
82: (1244, 195)
84: (1252, 310)
85: (1255, 258)
87: (1307, 317)
89: (1348, 237)
91: (1365, 182)
93: (1436, 382)
==================EDGES=====================
(42, 121) -> (42, 35)
(42, 35) -> (61, 347)
(61, 347) -> (116, 218)
(116, 218) -> (145, 226)
(145, 226) -> (182, 42)
(182, 42) -> (186, 118)
(186, 118) -> (215, 165)
(215, 165) -> (286, 290)
(286, 290) -> (335, 238)
(335, 238) -> (344, 197)
(344, 197) -> (402, 183)
(402, 183) -> (409, 3)
(409, 3) -> (475, 9)
(475, 9) -> (511, 164)
(511, 164) -> (544, 57)
(544, 57) -> (553, 89)
(553, 89) -> (558, 161)
(558, 161) -> (594, 60)
(594, 60) -> (639, 50)
(639, 50) -> (659, 38)
(659, 38) -> (747, 169)
(747, 169) -> (754, 42)
(754, 42) -> (786, 217)
(786, 217) -> (786, 128)
(786, 128) -> (803, 114)
(803, 114) -> (860, 218)
(860, 218) -> (872, 153)
(872, 153) -> (923, 25)
(923, 25) -> (931, 198)
(931, 198) -> (961, 155)
(961, 155) -> (1000, 82)
(1000, 82) -> (1001, 18)
(1001, 18) -> (1024, 49)
(1024, 49) -> (1120, 267)
(1120, 267) -> (1129, 75)
(1129, 75) -> (1132, 83)
(1132, 83) -> (1174, 165)
(1174, 165) -> (1237, 95)
(1237, 95) -> (1247, 202)
(1247, 202) -> (1258, 229)
(1258, 229) -> (1317, 158)
(1317, 158) -> (1355, 116)
(1355, 116) -> (1411, 26)
(1411, 26) -> (1445, 120)
(1445, 120) -> (1455, 0)
(1455, 0) -> (1458, 111)
(1458, 111) -> (1471, 71)
(1471, 71) -> (1478, 11)
(1478, 11) -> (1480, 0)
(42, 121) -> (44, 173)
(44, 173) -> (52, 239)
(52, 239) -> (54, 281)
(54, 281) -> (63, 374)
(63, 374) -> (112, 284)
(112, 284) -> (152, 254)
(152, 254) -> (192, 129)
(192, 129) -> (198, 167)
(198, 167) -> (200, 248)
(200, 248) -> (229, 230)
(229, 230) -> (269, 325)
(269, 325) -> (331, 288)
(331, 288) -> (351, 302)
(351, 302) -> (469, 112)
(469, 112) -> (485, 122)
(485, 122) -> (491, 153)
(491, 153) -> (517, 238)
(517, 238) -> (537, 126)
(537, 126) -> (553, 112)
(553, 112) -> (555, 153)
(555, 153) -> (557, 161)
(557, 161) -> (583, 192)
(583, 192) -> (603, 168)
(603, 168) -> (621, 210)
(621, 210) -> (656, 211)
(656, 211) -> (670, 113)
(670, 113) -> (696, 241)
(696, 241) -> (760, 222)
(760, 222) -> (777, 206)
(777, 206) -> (832, 383)
(832, 383) -> (884, 185)
(884, 185) -> (899, 262)
(899, 262) -> (975, 305)
(975, 305) -> (1011, 60)
(1011, 60) -> (1037, 281)
(1037, 281) -> (1041, 216)
(1041, 216) -> (1058, 151)
(1058, 151) -> (1082, 213)
(1082, 213) -> (1100, 238)
(1100, 238) -> (1137, 304)
(1137, 304) -> (1178, 315)
(1178, 315) -> (1230, 179)
(1230, 179) -> (1241, 141)
(1241, 141) -> (1244, 195)
(1244, 195) -> (1252, 310)
(1252, 310) -> (1255, 258)
(1255, 258) -> (1307, 317)
(1307, 317) -> (1348, 237)
(1348, 237) -> (1365, 182)
(1365, 182) -> (1436, 382)
(1436, 382) -> (1480, 0)
