Vertices: 100
Top chain length: 75
Bottom chain length: 25
=============TOP CHAIN VERTICES=============
0: (60, 38)
1: (60, 22)
2: (89, 144)
6: (146, 178)
7: (191, 159)
8: (208, 53)
9: (215, 3)
11: (224, 22)
14: (244, 9)
15: (248, 184)
17: (291, 16)
19: (341, 30)
20: (345, 60)
21: (345, 124)
25: (390, 110)
29: (435, 151)
31: (483, 120)
33: (493, 6)
35: (521, 194)
36: (529, 46)
37: (547, 10)
40: (584, 260)
42: (607, 138)
45: (647, 85)
47: (663, 102)
48: (678, 0)
49: (721, 95)
50: (759, 46)
51: (762, 211)
53: (821, 33)
54: (839, 61)
55: (842, 84)
57: (887, 108)
58: (923, 88)
59: (941, 174)
60: (982, 97)
61: (1011, 80)
62: (1021, 270)
63: (1063, 12)
64: (1080, 88)
65: (1145, 116)
66: (1217, 5)
67: (1229, 173)
68: (1267, 88)
69: (1339, 54)
70: (1342, 29)
71: (1441, 149)
72: (1485, 5)
73: (1546, 111)
74: (1549, 31)
75: (1560, 166)
76: (1624, 321)
77: (1641, 82)
78: (1667, 120)
79: (1742, 61)
80: (1763, 100)
81: (1846, 37)
82: (1857, 121)
83: (1864, 61)
84: (1866, 163)
85: (1928, 265)
86: (1972, 81)
87: (2004, 51)
88: (2025, 124)
89: (2050, 167)
90: (2096, 340)
91: (2097, 89)
92: (2110, 121)
93: (2128, 154)
94: (2172, 244)
95: (2264, 29)
96: (2266, 2)
97: (2320, 192)
98: (2329, 198)
99: (2345, 305)
===========BOTTOM CHAIN VERTICES============
3: (93, 197)
4: (108, 184)
5: (138, 233)
10: (222, 276)
12: (224, 69)
13: (239, 65)
16: (258, 388)
18: (330, 58)
22: (356, 220)
23: (383, 141)
24: (386, 128)
26: (406, 178)
27: (419, 161)
28: (431, 151)
30: (463, 356)
32: (490, 49)
34: (507, 246)
38: (552, 216)
39: (576, 283)
41: (600, 222)
43: (608, 171)
44: (635, 215)
46: (655, 111)
52: (790, 250)
56: (842, 538)
==================EDGES=====================
(60, 38) -> (60, 22)
(60, 22) -> (89, 144)
(89, 144) -> (146, 178)
(146, 178) -> (191, 159)
(191, 159) -> (208, 53)
(208, 53) -> (215, 3)
(215, 3) -> (224, 22)
(224, 22) -> (244, 9)
(244, 9) -> (248, 184)
(248, 184) -> (291, 16)
(291, 16) -> (341, 30)
(341, 30) -> (345, 60)
(345, 60) -> (345, 124)
(345, 124) -> (390, 110)
(390, 110) -> (435, 151)
(435, 151) -> (483, 120)
(483, 120) -> (493, 6)
(493, 6) -> (521, 194)
(521, 194) -> (529, 46)
(529, 46) -> (547, 10)
(547, 10) -> (584, 260)
(584, 260) -> (607, 138)
(607, 138) -> (647, 85)
(647, 85) -> (663, 102)
(663, 102) -> (678, 0)
(678, 0) -> (721, 95)
(721, 95) -> (759, 46)
(759, 46) -> (762, 211)
(762, 211) -> (821, 33)
(821, 33) -> (839, 61)
(839, 61) -> (842, 84)
(842, 84) -> (887, 108)
(887, 108) -> (923, 88)
(923, 88) -> (941, 174)
(941, 174) -> (982, 97)
(982, 97) -> (1011, 80)
(1011, 80) -> (1021, 270)
(1021, 270) -> (1063, 12)
(1063, 12) -> (1080, 88)
(1080, 88) -> (1145, 116)
(1145, 116) -> (1217, 5)
(1217, 5) -> (1229, 173)
(1229, 173) -> (1267, 88)
(1267, 88) -> (1339, 54)
(1339, 54) -> (1342, 29)
(1342, 29) -> (1441, 149)
(1441, 149) -> (1485, 5)
(1485, 5) -> (1546, 111)
(1546, 111) -> (1549, 31)
(1549, 31) -> (1560, 166)
(1560, 166) -> (1624, 321)
(1624, 321) -> (1641, 82)
(1641, 82) -> (1667, 120)
(1667, 120) -> (1742, 61)
(1742, 61) -> (1763, 100)
(1763, 100) -> (1846, 37)
(1846, 37) -> (1857, 121)
(1857, 121) -> (1864, 61)
(1864, 61) -> (1866, 163)
(1866, 163) -> (1928, 265)
(1928, 265) -> (1972, 81)
(1972, 81) -> (2004, 51)
(2004, 51) -> (2025, 124)
(2025, 124) -> (2050, 167)
(2050, 167) -> (2096, 340)
(2096, 340) -> (2097, 89)
(2097, 89) -> (2110, 121)
(2110, 121) -> (2128, 154)
(2128, 154) -> (2172, 244)
(2172, 244) -> (2264, 29)
(2264, 29) -> (2266, 2)
(2266, 2) -> (2320, 192)
(2320, 192) -> (2329, 198)
(2329, 198) -> (2345, 305)
(60, 38) -> (93, 197)
(93, 197) -> (108, 184)
(108, 184) -> (138, 233)
(138, 233) -> (222, 276)
(222, 276) -> (224, 69)
(224, 69) -> (239, 65)
(239, 65) -> (258, 388)
(258, 388) -> (330, 58)
(330, 58) -> (356, 220)
(356, 220) -> (383, 141)
(383, 141) -> (386, 128)
(386, 128) -> (406, 178)
(406, 178) -> (419, 161)
(419, 161) -> (431, 151)
(431, 151) -> (463, 356)
(463, 356) -> (490, 49)
(490, 49) -> (507, 246)
(507, 246) -> (552, 216)
(552, 216) -> (576, 283)
(576, 283) -> (600, 222)
(600, 222) -> (608, 171)
(608, 171) -> (635, 215)
(635, 215) -> (655, 111)
(655, 111) -> (790, 250)
(790, 250) -> (842, 538)
(842, 538) -> (2345, 305)
