Vertices: 100
Top chain length: 47
Bottom chain length: 53
=============TOP CHAIN VERTICES=============
0: (66, 331)
1: (66, 48)
2: (80, 265)
3: (85, 92)
5: (148, 146)
6: (154, 242)
9: (182, 326)
10: (182, 138)
11: (224, 23)
16: (301, 105)
18: (364, 66)
19: (369, 105)
21: (400, 89)
23: (416, 145)
27: (474, 37)
28: (489, 76)
30: (534, 201)
32: (565, 263)
34: (656, 293)
35: (700, 198)
36: (701, 210)
39: (754, 23)
40: (755, 23)
43: (798, 138)
46: (808, 332)
49: (882, 52)
53: (947, 241)
59: (1039, 196)
60: (1048, 118)
61: (1067, 88)
63: (1083, 53)
64: (1113, 43)
67: (1169, 137)
68: (1182, 130)
70: (1198, 126)
74: (1264, 217)
76: (1271, 41)
78: (1289, 26)
80: (1337, 168)
82: (1381, 145)
84: (1448, 199)
87: (1495, 71)
88: (1505, 96)
89: (1508, 24)
91: (1521, 32)
95: (1562, 61)
98: (1593, 244)
===========BOTTOM CHAIN VERTICES============
4: (128, 183)
7: (168, 286)
8: (176, 326)
12: (239, 347)
13: (256, 83)
14: (268, 93)
15: (287, 250)
17: (363, 111)
20: (384, 371)
22: (403, 361)
24: (451, 375)
25: (469, 144)
26: (473, 122)
29: (510, 351)
31: (542, 250)
33: (625, 365)
37: (723, 364)
38: (740, 272)
41: (783, 102)
42: (795, 168)
44: (799, 159)
45: (801, 244)
47: (813, 447)
48: (859, 177)
50: (910, 143)
51: (931, 211)
52: (946, 271)
54: (952, 300)
55: (965, 245)
56: (998, 240)
57: (1009, 325)
58: (1038, 213)
62: (1080, 192)
65: (1126, 136)
66: (1151, 235)
69: (1185, 237)
71: (1224, 320)
72: (1231, 176)
73: (1246, 412)
75: (1264, 386)
77: (1280, 151)
79: (1318, 244)
81: (1368, 176)
83: (1395, 305)
85: (1462, 313)
86: (1474, 292)
90: (1510, 143)
92: (1532, 208)
93: (1541, 280)
94: (1558, 159)
96: (1568, 275)
97: (1584, 263)
99: (1635, 208)
==================EDGES=====================
(66, 331) -> (66, 48)
(66, 48) -> (80, 265)
(80, 265) -> (85, 92)
(85, 92) -> (148, 146)
(148, 146) -> (154, 242)
(154, 242) -> (182, 326)
(182, 326) -> (182, 138)
(182, 138) -> (224, 23)
(224, 23) -> (301, 105)
(301, 105) -> (364, 66)
(364, 66) -> (369, 105)
(369, 105) -> (400, 89)
(400, 89) -> (416, 145)
(416, 145) -> (474, 37)
(474, 37) -> (489, 76)
(489, 76) -> (534, 201)
(534, 201) -> (565, 263)
(565, 263) -> (656, 293)
(656, 293) -> (700, 198)
(700, 198) -> (701, 210)
(701, 210) -> (754, 23)
(754, 23) -> (755, 23)
(755, 23) -> (798, 138)
(798, 138) -> (808, 332)
(808, 332) -> (882, 52)
(882, 52) -> (947, 241)
(947, 241) -> (1039, 196)
(1039, 196) -> (1048, 118)
(1048, 118) -> (1067, 88)
(1067, 88) -> (1083, 53)
(1083, 53) -> (1113, 43)
(1113, 43) -> (1169, 137)
(1169, 137) -> (1182, 130)
(1182, 130) -> (1198, 126)
(1198, 126) -> (1264, 217)
(1264, 217) -> (1271, 41)
(1271, 41) -> (1289, 26)
(1289, 26) -> (1337, 168)
(1337, 168) -> (1381, 145)
(1381, 145) -> (1448, 199)
(1448, 199) -> (1495, 71)
(1495, 71) -> (1505, 96)
(1505, 96) -> (1508, 24)
(1508, 24) -> (1521, 32)
(1521, 32) -> (1562, 61)
(1562, 61) -> (1593, 244)
(66, 331) -> (128, 183)
(128, 183) -> (168, 286)
(168, 286) -> (176, 326)
(176, 326) -> (239, 347)
(239, 347) -> (256, 83)
(256, 83) -> (268, 93)
(268, 93) -> (287, 250)
(287, 250) -> (363, 111)
(363, 111) -> (384, 371)
(384, 371) -> (403, 361)
(403, 361) -> (451, 375)
(451, 375) -> (469, 144)
(469, 144) -> (473, 122)
(473, 122) -> (510, 351)
(510, 351) -> (542, 250)
(542, 250) -> (625, 365)
(625, 365) -> (723, 364)
(723, 364) -> (740, 272)
(740, 272) -> (783, 102)
(783, 102) -> (795, 168)
(795, 168) -> (799, 159)
(799, 159) -> (801, 244)
(801, 244) -> (813, 447)
(813, 447) -> (859, 177)
(859, 177) -> (910, 143)
(910, 143) -> (931, 211)
(931, 211) -> (946, 271)
(946, 271) -> (952, 300)
(952, 300) -> (965, 245)
(965, 245) -> (998, 240)
(998, 240) -> (1009, 325)
(1009, 325) -> (1038, 213)
(1038, 213) -> (1080, 192)
(1080, 192) -> (1126, 136)
(1126, 136) -> (1151, 235)
(1151, 235) -> (1185, 237)
(1185, 237) -> (1224, 320)
(1224, 320) -> (1231, 176)
(1231, 176) -> (1246, 412)
(1246, 412) -> (1264, 386)
(1264, 386) -> (1280, 151)
(1280, 151) -> (1318, 244)
(1318, 244) -> (1368, 176)
(1368, 176) -> (1395, 305)
(1395, 305) -> (1462, 313)
(1462, 313) -> (1474, 292)
(1474, 292) -> (1510, 143)
(1510, 143) -> (1532, 208)
(1532, 208) -> (1541, 280)
(1541, 280) -> (1558, 159)
(1558, 159) -> (1568, 275)
(1568, 275) -> (1584, 263)
(1584, 263) -> (1635, 208)
(1635, 208) -> (1593, 244)
