Vertices: 100
Top chain length: 51
Bottom chain length: 49
=============TOP CHAIN VERTICES=============
0: (12, 101)
1: (12, 79)
3: (33, 194)
4: (38, 3)
5: (73, 157)
6: (96, 58)
8: (103, 126)
13: (151, 68)
18: (206, 116)
19: (207, 35)
20: (209, 185)
24: (272, 99)
29: (302, 212)
31: (324, 262)
32: (331, 148)
38: (372, 339)
40: (411, 37)
42: (429, 40)
45: (473, 11)
46: (509, 167)
49: (553, 99)
52: (595, 186)
54: (700, 192)
57: (726, 359)
58: (789, 54)
59: (827, 108)
61: (845, 207)
64: (910, 34)
67: (980, 96)
69: (990, 27)
72: (1045, 87)
73: (1075, 102)
74: (1112, 62)
78: (1200, 29)
81: (1237, 260)
82: (1244, 260)
83: (1251, 203)
85: (1289, 24)
86: (1305, 214)
87: (1312, 58)
88: (1319, 290)
90: (1422, 66)
91: (1493, 88)
92: (1523, 95)
93: (1555, 157)
94: (1574, 61)
95: (1594, 132)
96: (1600, 50)
97: (1609, 81)
98: (1614, 9)
99: (1634, 195)
===========BOTTOM CHAIN VERTICES============
2: (31, 227)
7: (99, 248)
9: (107, 270)
10: (121, 106)
11: (131, 140)
12: (132, 344)
14: (165, 231)
15: (174, 90)
16: (198, 113)
17: (202, 260)
21: (220, 185)
22: (248, 328)
23: (265, 114)
25: (278, 363)
26: (282, 145)
27: (288, 290)
28: (294, 276)
30: (308, 459)
33: (338, 377)
34: (349, 402)
35: (352, 329)
36: (357, 299)
37: (363, 403)
39: (382, 298)
41: (417, 187)
43: (430, 228)
44: (440, 84)
47: (533, 283)
48: (544, 124)
50: (559, 129)
51: (591, 364)
53: (628, 260)
55: (702, 341)
56: (704, 410)
60: (829, 131)
62: (868, 326)
63: (893, 285)
65: (928, 75)
66: (943, 106)
68: (981, 165)
70: (1018, 101)
71: (1038, 104)
75: (1131, 134)
76: (1162, 197)
77: (1166, 119)
79: (1202, 264)
80: (1216, 308)
84: (1279, 315)
89: (1337, 316)
==================EDGES=====================
(12, 101) -> (12, 79)
(12, 79) -> (33, 194)
(33, 194) -> (38, 3)
(38, 3) -> (73, 157)
(73, 157) -> (96, 58)
(96, 58) -> (103, 126)
(103, 126) -> (151, 68)
(151, 68) -> (206, 116)
(206, 116) -> (207, 35)
(207, 35) -> (209, 185)
(209, 185) -> (272, 99)
(272, 99) -> (302, 212)
(302, 212) -> (324, 262)
(324, 262) -> (331, 148)
(331, 148) -> (372, 339)
(372, 339) -> (411, 37)
(411, 37) -> (429, 40)
(429, 40) -> (473, 11)
(473, 11) -> (509, 167)
(509, 167) -> (553, 99)
(553, 99) -> (595, 186)
(595, 186) -> (700, 192)
(700, 192) -> (726, 359)
(726, 359) -> (789, 54)
(789, 54) -> (827, 108)
(827, 108) -> (845, 207)
(845, 207) -> (910, 34)
(910, 34) -> (980, 96)
(980, 96) -> (990, 27)
(990, 27) -> (1045, 87)
(1045, 87) -> (1075, 102)
(1075, 102) -> (1112, 62)
(1112, 62) -> (1200, 29)
(1200, 29) -> (1237, 260)
(1237, 260) -> (1244, 260)
(1244, 260) -> (1251, 203)
(1251, 203) -> (1289, 24)
(1289, 24) -> (1305, 214)
(1305, 214) -> (1312, 58)
(1312, 58) -> (1319, 290)
(1319, 290) -> (1422, 66)
(1422, 66) -> (1493, 88)
(1493, 88) -> (1523, 95)
(1523, 95) -> (1555, 157)
(1555, 157) -> (1574, 61)
(1574, 61) -> (1594, 132)
(1594, 132) -> (1600, 50)
(1600, 50) -> (1609, 81)
(1609, 81) -> (1614, 9)
(1614, 9) -> (1634, 195)
(12, 101) -> (31, 227)
(31, 227) -> (99, 248)
(99, 248) -> (107, 270)
(107, 270) -> (121, 106)
(121, 106) -> (131, 140)
(131, 140) -> (132, 344)
(132, 344) -> (165, 231)
(165, 231) -> (174, 90)
(174, 90) -> (198, 113)
(198, 113) -> (202, 260)
(202, 260) -> (220, 185)
(220, 185) -> (248, 328)
(248, 328) -> (265, 114)
(265, 114) -> (278, 363)
(278, 363) -> (282, 145)
(282, 145) -> (288, 290)
(288, 290) -> (294, 276)
(294, 276) -> (308, 459)
(308, 459) -> (338, 377)
(338, 377) -> (349, 402)
(349, 402) -> (352, 329)
(352, 329) -> (357, 299)
(357, 299) -> (363, 403)
(363, 403) -> (382, 298)
(382, 298) -> (417, 187)
(417, 187) -> (430, 228)
(430, 228) -> (440, 84)
(440, 84) -> (533, 283)
(533, 283) -> (544, 124)
(544, 124) -> (559, 129)
(559, 129) -> (591, 364)
(591, 364) -> (628, 260)
(628, 260) -> (702, 341)
(702, 341) -> (704, 410)
(704, 410) -> (829, 131)
(829, 131) -> (868, 326)
(868, 326) -> (893, 285)
(893, 285) -> (928, 75)
(928, 75) -> (943, 106)
(943, 106) -> (981, 165)
(981, 165) -> (1018, 101)
(1018, 101) -> (1038, 104)
(1038, 104) -> (1131, 134)
(1131, 134) -> (1162, 197)
(1162, 197) -> (1166, 119)
(1166, 119) -> (1202, 264)
(1202, 264) -> (1216, 308)
(1216, 308) -> (1279, 315)
(1279, 315) -> (1337, 316)
(1337, 316) -> (1634, 195)
