Vertices: 100
Top chain length: 51
Bottom chain length: 49
=============TOP CHAIN VERTICES=============
0: (21, 108)
1: (21, 32)
3: (44, 0)
4: (101, 93)
7: (125, 39)
10: (178, 313)
12: (209, 121)
14: (245, 22)
16: (287, 80)
18: (340, 98)
19: (353, 84)
21: (375, 91)
26: (460, 61)
27: (492, 186)
29: (512, 225)
30: (528, 24)
32: (561, 103)
35: (623, 122)
36: (624, 12)
37: (642, 103)
41: (684, 137)
44: (755, 87)
49: (798, 268)
50: (832, 135)
54: (851, 97)
57: (854, 329)
60: (883, 205)
63: (912, 294)
64: (951, 36)
67: (977, 49)
70: (1020, 130)
71: (1020, 99)
73: (1073, 139)
75: (1085, 10)
76: (1094, 67)
81: (1153, 273)
82: (1158, 34)
85: (1198, 117)
87: (1224, 232)
88: (1246, 1)
89: (1277, 220)
90: (1308, 21)
91: (1335, 18)
92: (1335, 277)
93: (1387, 265)
94: (1394, 193)
95: (1401, 149)
96: (1421, 43)
97: (1425, 55)
98: (1511, 34)
99: (1558, 166)
===========BOTTOM CHAIN VERTICES============
2: (25, 57)
5: (113, 304)
6: (116, 197)
8: (137, 113)
9: (146, 263)
11: (179, 348)
13: (230, 91)
15: (283, 148)
17: (336, 130)
20: (354, 110)
22: (378, 216)
23: (411, 108)
24: (423, 162)
25: (435, 144)
28: (495, 245)
31: (557, 203)
33: (613, 380)
34: (617, 278)
38: (644, 146)
39: (654, 293)
40: (665, 314)
42: (734, 116)
43: (738, 138)
45: (755, 279)
46: (767, 143)
47: (774, 196)
48: (781, 293)
51: (839, 251)
52: (844, 159)
53: (850, 162)
55: (851, 131)
56: (852, 216)
58: (854, 424)
59: (881, 272)
61: (884, 237)
62: (895, 394)
65: (951, 120)
66: (966, 55)
68: (994, 149)
69: (1016, 184)
72: (1064, 269)
74: (1082, 51)
77: (1098, 116)
78: (1112, 190)
79: (1121, 183)
80: (1146, 317)
83: (1185, 180)
84: (1188, 115)
86: (1203, 412)
==================EDGES=====================
(21, 108) -> (21, 32)
(21, 32) -> (44, 0)
(44, 0) -> (101, 93)
(101, 93) -> (125, 39)
(125, 39) -> (178, 313)
(178, 313) -> (209, 121)
(209, 121) -> (245, 22)
(245, 22) -> (287, 80)
(287, 80) -> (340, 98)
(340, 98) -> (353, 84)
(353, 84) -> (375, 91)
(375, 91) -> (460, 61)
(460, 61) -> (492, 186)
(492, 186) -> (512, 225)
(512, 225) -> (528, 24)
(528, 24) -> (561, 103)
(561, 103) -> (623, 122)
(623, 122) -> (624, 12)
(624, 12) -> (642, 103)
(642, 103) -> (684, 137)
(684, 137) -> (755, 87)
(755, 87) -> (798, 268)
(798, 268) -> (832, 135)
(832, 135) -> (851, 97)
(851, 97) -> (854, 329)
(854, 329) -> (883, 205)
(883, 205) -> (912, 294)
(912, 294) -> (951, 36)
(951, 36) -> (977, 49)
(977, 49) -> (1020, 130)
(1020, 130) -> (1020, 99)
(1020, 99) -> (1073, 139)
(1073, 139) -> (1085, 10)
(1085, 10) -> (1094, 67)
(1094, 67) -> (1153, 273)
(1153, 273) -> (1158, 34)
(1158, 34) -> (1198, 117)
(1198, 117) -> (1224, 232)
(1224, 232) -> (1246, 1)
(1246, 1) -> (1277, 220)
(1277, 220) -> (1308, 21)
(1308, 21) -> (1335, 18)
(1335, 18) -> (1335, 277)
(1335, 277) -> (1387, 265)
(1387, 265) -> (1394, 193)
(1394, 193) -> (1401, 149)
(1401, 149) -> (1421, 43)
(1421, 43) -> (1425, 55)
(1425, 55) -> (1511, 34)
(1511, 34) -> (1558, 166)
(21, 108) -> (25, 57)
(25, 57) -> (113, 304)
(113, 304) -> (116, 197)
(116, 197) -> (137, 113)
(137, 113) -> (146, 263)
(146, 263) -> (179, 348)
(179, 348) -> (230, 91)
(230, 91) -> (283, 148)
(283, 148) -> (336, 130)
(336, 130) -> (354, 110)
(354, 110) -> (378, 216)
(378, 216) -> (411, 108)
(411, 108) -> (423, 162)
(423, 162) -> (435, 144)
(435, 144) -> (495, 245)
(495, 245) -> (557, 203)
(557, 203) -> (613, 380)
(613, 380) -> (617, 278)
(617, 278) -> (644, 146)
(644, 146) -> (654, 293)
(654, 293) -> (665, 314)
(665, 314) -> (734, 116)
(734, 116) -> (738, 138)
(738, 138) -> (755, 279)
(755, 279) -> (767, 143)
(767, 143) -> (774, 196)
(774, 196) -> (781, 293)
(781, 293) -> (839, 251)
(839, 251) -> (844, 159)
(844, 159) -> (850, 162)
(850, 162) -> (851, 131)
(851, 131) -> (852, 216)
(852, 216) -> (854, 424)
(854, 424) -> (881, 272)
(881, 272) -> (884, 237)
(884, 237) -> (895, 394)
(895, 394) -> (951, 120)
(951, 120) -> (966, 55)
(966, 55) -> (994, 149)
(994, 149) -> (1016, 184)
(1016, 184) -> (1064, 269)
(1064, 269) -> (1082, 51)
(1082, 51) -> (1098, 116)
(1098, 116) -> (1112, 190)
(1112, 190) -> (1121, 183)
(1121, 183) -> (1146, 317)
(1146, 317) -> (1185, 180)
(1185, 180) -> (1188, 115)
(1188, 115) -> (1203, 412)
(1203, 412) -> (1558, 166)
