Vertices: 50
Top chain length: 27
Bottom chain length: 23
=============TOP CHAIN VERTICES=============
0: (12, 281)
1: (12, 28)
2: (26, 50)
3: (48, 221)
6: (132, 69)
9: (140, 215)
12: (150, 327)
13: (175, 22)
17: (222, 11)
18: (227, 84)
21: (292, 42)
24: (342, 126)
25: (396, 85)
26: (398, 19)
29: (422, 172)
31: (430, 169)
33: (453, 32)
34: (467, 118)
35: (483, 197)
36: (519, 130)
38: (543, 108)
39: (566, 177)
40: (605, 19)
42: (617, 52)
44: (664, 214)
47: (702, 15)
48: (736, 200)
===========BOTTOM CHAIN VERTICES============
4: (100, 211)
5: (108, 355)
7: (135, 147)
8: (137, 290)
10: (141, 262)
11: (148, 358)
14: (187, 295)
15: (197, 129)
16: (218, 134)
19: (234, 120)
20: (246, 173)
22: (297, 173)
23: (311, 147)
27: (401, 206)
28: (403, 62)
30: (428, 266)
32: (446, 163)
37: (528, 299)
41: (616, 158)
43: (657, 216)
45: (685, 299)
46: (696, 75)
49: (742, 282)
==================EDGES=====================
(12, 281) -> (12, 28)
(12, 28) -> (26, 50)
(26, 50) -> (48, 221)
(48, 221) -> (132, 69)
(132, 69) -> (140, 215)
(140, 215) -> (150, 327)
(150, 327) -> (175, 22)
(175, 22) -> (222, 11)
(222, 11) -> (227, 84)
(227, 84) -> (292, 42)
(292, 42) -> (342, 126)
(342, 126) -> (396, 85)
(396, 85) -> (398, 19)
(398, 19) -> (422, 172)
(422, 172) -> (430, 169)
(430, 169) -> (453, 32)
(453, 32) -> (467, 118)
(467, 118) -> (483, 197)
(483, 197) -> (519, 130)
(519, 130) -> (543, 108)
(543, 108) -> (566, 177)
(566, 177) -> (605, 19)
(605, 19) -> (617, 52)
(617, 52) -> (664, 214)
(664, 214) -> (702, 15)
(702, 15) -> (736, 200)
(12, 281) -> (100, 211)
(100, 211) -> (108, 355)
(108, 355) -> (135, 147)
(135, 147) -> (137, 290)
(137, 290) -> (141, 262)
(141, 262) -> (148, 358)
(148, 358) -> (187, 295)
(187, 295) -> (197, 129)
(197, 129) -> (218, 134)
(218, 134) -> (234, 120)
(234, 120) -> (246, 173)
(246, 173) -> (297, 173)
(297, 173) -> (311, 147)
(311, 147) -> (401, 206)
(401, 206) -> (403, 62)
(403, 62) -> (428, 266)
(428, 266) -> (446, 163)
(446, 163) -> (528, 299)
(528, 299) -> (616, 158)
(616, 158) -> (657, 216)
(657, 216) -> (685, 299)
(685, 299) -> (696, 75)
(696, 75) -> (742, 282)
(742, 282) -> (736, 200)
