Vertices: 100
Top chain length: 49
Bottom chain length: 51
=============TOP CHAIN VERTICES=============
0: (0, 222)
1: (0, 20)
4: (36, 62)
5: (42, 66)
8: (73, 93)
11: (131, 155)
13: (159, 104)
15: (178, 33)
18: (207, 97)
19: (232, 118)
21: (237, 185)
24: (303, 32)
26: (334, 223)
27: (341, 27)
34: (420, 108)
35: (449, 54)
36: (459, 9)
38: (497, 51)
39: (505, 107)
43: (545, 92)
44: (548, 139)
45: (562, 141)
46: (570, 48)
50: (586, 346)
53: (661, 23)
54: (699, 65)
56: (720, 33)
57: (741, 152)
59: (769, 64)
62: (826, 3)
63: (846, 20)
67: (907, 62)
69: (930, 46)
73: (961, 181)
76: (1021, 372)
78: (1048, 100)
80: (1059, 31)
86: (1112, 361)
87: (1131, 9)
88: (1167, 149)
91: (1194, 187)
92: (1250, 44)
93: (1251, 348)
94: (1258, 101)
95: (1342, 12)
96: (1350, 254)
97: (1409, 18)
98: (1484, 60)
99: (1489, 131)
===========BOTTOM CHAIN VERTICES============
2: (6, 141)
3: (32, 195)
6: (45, 97)
7: (53, 277)
9: (82, 274)
10: (93, 289)
12: (144, 227)
14: (176, 115)
16: (182, 176)
17: (204, 174)
20: (232, 284)
22: (253, 187)
23: (296, 326)
25: (316, 254)
28: (344, 249)
29: (350, 137)
30: (371, 195)
31: (380, 115)
32: (397, 105)
33: (405, 119)
37: (494, 74)
40: (521, 270)
41: (525, 122)
42: (535, 214)
47: (576, 177)
48: (577, 251)
49: (579, 343)
51: (588, 365)
52: (653, 111)
55: (704, 148)
58: (750, 257)
60: (771, 285)
61: (791, 71)
64: (847, 39)
65: (884, 131)
66: (893, 216)
68: (908, 216)
70: (934, 218)
71: (955, 180)
72: (957, 250)
74: (973, 312)
75: (1002, 411)
77: (1031, 392)
79: (1054, 151)
81: (1071, 192)
82: (1078, 314)
83: (1088, 343)
84: (1096, 296)
85: (1105, 402)
89: (1171, 279)
90: (1186, 422)
==================EDGES=====================
(0, 222) -> (0, 20)
(0, 20) -> (36, 62)
(36, 62) -> (42, 66)
(42, 66) -> (73, 93)
(73, 93) -> (131, 155)
(131, 155) -> (159, 104)
(159, 104) -> (178, 33)
(178, 33) -> (207, 97)
(207, 97) -> (232, 118)
(232, 118) -> (237, 185)
(237, 185) -> (303, 32)
(303, 32) -> (334, 223)
(334, 223) -> (341, 27)
(341, 27) -> (420, 108)
(420, 108) -> (449, 54)
(449, 54) -> (459, 9)
(459, 9) -> (497, 51)
(497, 51) -> (505, 107)
(505, 107) -> (545, 92)
(545, 92) -> (548, 139)
(548, 139) -> (562, 141)
(562, 141) -> (570, 48)
(570, 48) -> (586, 346)
(586, 346) -> (661, 23)
(661, 23) -> (699, 65)
(699, 65) -> (720, 33)
(720, 33) -> (741, 152)
(741, 152) -> (769, 64)
(769, 64) -> (826, 3)
(826, 3) -> (846, 20)
(846, 20) -> (907, 62)
(907, 62) -> (930, 46)
(930, 46) -> (961, 181)
(961, 181) -> (1021, 372)
(1021, 372) -> (1048, 100)
(1048, 100) -> (1059, 31)
(1059, 31) -> (1112, 361)
(1112, 361) -> (1131, 9)
(1131, 9) -> (1167, 149)
(1167, 149) -> (1194, 187)
(1194, 187) -> (1250, 44)
(1250, 44) -> (1251, 348)
(1251, 348) -> (1258, 101)
(1258, 101) -> (1342, 12)
(1342, 12) -> (1350, 254)
(1350, 254) -> (1409, 18)
(1409, 18) -> (1484, 60)
(1484, 60) -> (1489, 131)
(0, 222) -> (6, 141)
(6, 141) -> (32, 195)
(32, 195) -> (45, 97)
(45, 97) -> (53, 277)
(53, 277) -> (82, 274)
(82, 274) -> (93, 289)
(93, 289) -> (144, 227)
(144, 227) -> (176, 115)
(176, 115) -> (182, 176)
(182, 176) -> (204, 174)
(204, 174) -> (232, 284)
(232, 284) -> (253, 187)
(253, 187) -> (296, 326)
(296, 326) -> (316, 254)
(316, 254) -> (344, 249)
(344, 249) -> (350, 137)
(350, 137) -> (371, 195)
(371, 195) -> (380, 115)
(380, 115) -> (397, 105)
(397, 105) -> (405, 119)
(405, 119) -> (494, 74)
(494, 74) -> (521, 270)
(521, 270) -> (525, 122)
(525, 122) -> (535, 214)
(535, 214) -> (576, 177)
(576, 177) -> (577, 251)
(577, 251) -> (579, 343)
(579, 343) -> (588, 365)
(588, 365) -> (653, 111)
(653, 111) -> (704, 148)
(704, 148) -> (750, 257)
(750, 257) -> (771, 285)
(771, 285) -> (791, 71)
(791, 71) -> (847, 39)
(847, 39) -> (884, 131)
(884, 131) -> (893, 216)
(893, 216) -> (908, 216)
(908, 216) -> (934, 218)
(934, 218) -> (955, 180)
(955, 180) -> (957, 250)
(957, 250) -> (973, 312)
(973, 312) -> (1002, 411)
(1002, 411) -> (1031, 392)
(1031, 392) -> (1054, 151)
(1054, 151) -> (1071, 192)
(1071, 192) -> (1078, 314)
(1078, 314) -> (1088, 343)
(1088, 343) -> (1096, 296)
(1096, 296) -> (1105, 402)
(1105, 402) -> (1171, 279)
(1171, 279) -> (1186, 422)
(1186, 422) -> (1489, 131)
