Vertices: 50
Top chain length: 26
Bottom chain length: 24
=============TOP CHAIN VERTICES=============
0: (23, 174)
1: (23, 98)
2: (28, 182)
4: (60, 19)
5: (62, 50)
8: (92, 124)
10: (116, 77)
15: (140, 280)
18: (202, 18)
19: (205, 67)
22: (215, 311)
24: (258, 142)
25: (264, 130)
27: (314, 106)
28: (349, 96)
31: (370, 17)
32: (401, 195)
33: (423, 50)
34: (437, 132)
38: (525, 226)
39: (531, 31)
40: (547, 143)
41: (553, 20)
44: (636, 24)
45: (683, 51)
49: (782, 288)
===========BOTTOM CHAIN VERTICES============
3: (33, 327)
6: (65, 99)
7: (75, 253)
9: (97, 134)
11: (118, 109)
12: (121, 122)
13: (135, 304)
14: (137, 296)
16: (159, 205)
17: (198, 90)
20: (206, 125)
21: (210, 226)
23: (222, 431)
26: (302, 207)
29: (357, 105)
30: (364, 265)
35: (445, 199)
36: (491, 276)
37: (517, 250)
42: (566, 143)
43: (588, 362)
46: (689, 226)
47: (711, 339)
48: (713, 267)
==================EDGES=====================
(23, 174) -> (23, 98)
(23, 98) -> (28, 182)
(28, 182) -> (60, 19)
(60, 19) -> (62, 50)
(62, 50) -> (92, 124)
(92, 124) -> (116, 77)
(116, 77) -> (140, 280)
(140, 280) -> (202, 18)
(202, 18) -> (205, 67)
(205, 67) -> (215, 311)
(215, 311) -> (258, 142)
(258, 142) -> (264, 130)
(264, 130) -> (314, 106)
(314, 106) -> (349, 96)
(349, 96) -> (370, 17)
(370, 17) -> (401, 195)
(401, 195) -> (423, 50)
(423, 50) -> (437, 132)
(437, 132) -> (525, 226)
(525, 226) -> (531, 31)
(531, 31) -> (547, 143)
(547, 143) -> (553, 20)
(553, 20) -> (636, 24)
(636, 24) -> (683, 51)
(683, 51) -> (782, 288)
(23, 174) -> (33, 327)
(33, 327) -> (65, 99)
(65, 99) -> (75, 253)
(75, 253) -> (97, 134)
(97, 134) -> (118, 109)
(118, 109) -> (121, 122)
(121, 122) -> (135, 304)
(135, 304) -> (137, 296)
(137, 296) -> (159, 205)
(159, 205) -> (198, 90)
(198, 90) -> (206, 125)
(206, 125) -> (210, 226)
(210, 226) -> (222, 431)
(222, 431) -> (302, 207)
(302, 207) -> (357, 105)
(357, 105) -> (364, 265)
(364, 265) -> (445, 199)
(445, 199) -> (491, 276)
(491, 276) -> (517, 250)
(517, 250) -> (566, 143)
(566, 143) -> (588, 362)
(588, 362) -> (689, 226)
(689, 226) -> (711, 339)
(711, 339) -> (713, 267)
(713, 267) -> (782, 288)
