Vertices: 100
Top chain length: 43
Bottom chain length: 57
=============TOP CHAIN VERTICES=============
0: (19, 243)
1: (19, 149)
2: (26, 185)
3: (36, 22)
6: (102, 65)
7: (106, 79)
13: (126, 417)
15: (142, 98)
18: (202, 188)
19: (240, 14)
23: (304, 108)
24: (304, 56)
27: (337, 127)
29: (359, 191)
34: (412, 78)
38: (447, 341)
39: (460, 61)
40: (466, 100)
41: (473, 36)
46: (538, 116)
49: (560, 129)
51: (585, 262)
53: (668, 234)
57: (763, 60)
60: (785, 207)
64: (851, 101)
68: (865, 292)
70: (902, 283)
71: (918, 35)
72: (918, 106)
73: (964, 9)
80: (1038, 81)
81: (1041, 10)
83: (1047, 250)
84: (1086, 16)
86: (1095, 148)
87: (1096, 3)
88: (1120, 137)
89: (1162, 26)
91: (1169, 243)
92: (1192, 111)
93: (1193, 301)
96: (1249, 55)
===========BOTTOM CHAIN VERTICES============
4: (69, 82)
5: (94, 80)
8: (111, 183)
9: (114, 358)
10: (118, 350)
11: (121, 347)
12: (125, 402)
14: (126, 420)
16: (165, 189)
17: (179, 332)
20: (240, 264)
21: (270, 242)
22: (294, 123)
25: (305, 148)
26: (311, 196)
28: (344, 194)
30: (375, 355)
31: (381, 249)
32: (408, 200)
33: (410, 143)
35: (416, 194)
36: (438, 354)
37: (442, 440)
42: (474, 41)
43: (489, 62)
44: (507, 92)
45: (535, 174)
47: (541, 257)
48: (549, 147)
50: (579, 332)
52: (603, 256)
54: (686, 382)
55: (720, 202)
56: (745, 214)
58: (763, 84)
59: (781, 253)
61: (804, 231)
62: (847, 171)
63: (850, 286)
65: (852, 170)
66: (861, 249)
67: (862, 282)
69: (867, 342)
74: (967, 225)
75: (1002, 367)
76: (1019, 66)
77: (1021, 119)
78: (1025, 163)
79: (1037, 147)
82: (1043, 263)
85: (1088, 187)
90: (1167, 263)
94: (1197, 308)
95: (1223, 240)
97: (1254, 78)
98: (1329, 69)
99: (1350, 14)
==================EDGES=====================
(19, 243) -> (19, 149)
(19, 149) -> (26, 185)
(26, 185) -> (36, 22)
(36, 22) -> (102, 65)
(102, 65) -> (106, 79)
(106, 79) -> (126, 417)
(126, 417) -> (142, 98)
(142, 98) -> (202, 188)
(202, 188) -> (240, 14)
(240, 14) -> (304, 108)
(304, 108) -> (304, 56)
(304, 56) -> (337, 127)
(337, 127) -> (359, 191)
(359, 191) -> (412, 78)
(412, 78) -> (447, 341)
(447, 341) -> (460, 61)
(460, 61) -> (466, 100)
(466, 100) -> (473, 36)
(473, 36) -> (538, 116)
(538, 116) -> (560, 129)
(560, 129) -> (585, 262)
(585, 262) -> (668, 234)
(668, 234) -> (763, 60)
(763, 60) -> (785, 207)
(785, 207) -> (851, 101)
(851, 101) -> (865, 292)
(865, 292) -> (902, 283)
(902, 283) -> (918, 35)
(918, 35) -> (918, 106)
(918, 106) -> (964, 9)
(964, 9) -> (1038, 81)
(1038, 81) -> (1041, 10)
(1041, 10) -> (1047, 250)
(1047, 250) -> (1086, 16)
(1086, 16) -> (1095, 148)
(1095, 148) -> (1096, 3)
(1096, 3) -> (1120, 137)
(1120, 137) -> (1162, 26)
(1162, 26) -> (1169, 243)
(1169, 243) -> (1192, 111)
(1192, 111) -> (1193, 301)
(1193, 301) -> (1249, 55)
(19, 243) -> (69, 82)
(69, 82) -> (94, 80)
(94, 80) -> (111, 183)
(111, 183) -> (114, 358)
(114, 358) -> (118, 350)
(118, 350) -> (121, 347)
(121, 347) -> (125, 402)
(125, 402) -> (126, 420)
(126, 420) -> (165, 189)
(165, 189) -> (179, 332)
(179, 332) -> (240, 264)
(240, 264) -> (270, 242)
(270, 242) -> (294, 123)
(294, 123) -> (305, 148)
(305, 148) -> (311, 196)
(311, 196) -> (344, 194)
(344, 194) -> (375, 355)
(375, 355) -> (381, 249)
(381, 249) -> (408, 200)
(408, 200) -> (410, 143)
(410, 143) -> (416, 194)
(416, 194) -> (438, 354)
(438, 354) -> (442, 440)
(442, 440) -> (474, 41)
(474, 41) -> (489, 62)
(489, 62) -> (507, 92)
(507, 92) -> (535, 174)
(535, 174) -> (541, 257)
(541, 257) -> (549, 147)
(549, 147) -> (579, 332)
(579, 332) -> (603, 256)
(603, 256) -> (686, 382)
(686, 382) -> (720, 202)
(720, 202) -> (745, 214)
(745, 214) -> (763, 84)
(763, 84) -> (781, 253)
(781, 253) -> (804, 231)
(804, 231) -> (847, 171)
(847, 171) -> (850, 286)
(850, 286) -> (852, 170)
(852, 170) -> (861, 249)
(861, 249) -> (862, 282)
(862, 282) -> (867, 342)
(867, 342) -> (967, 225)
(967, 225) -> (1002, 367)
(1002, 367) -> (1019, 66)
(1019, 66) -> (1021, 119)
(1021, 119) -> (1025, 163)
(1025, 163) -> (1037, 147)
(1037, 147) -> (1043, 263)
(1043, 263) -> (1088, 187)
(1088, 187) -> (1167, 263)
(1167, 263) -> (1197, 308)
(1197, 308) -> (1223, 240)
(1223, 240) -> (1254, 78)
(1254, 78) -> (1329, 69)
(1329, 69) -> (1350, 14)
(1350, 14) -> (1249, 55)
