Vertices: 50
Top chain length: 17
Bottom chain length: 33
=============TOP CHAIN VERTICES=============
0: (31, 88)
1: (31, 10)
4: (87, 77)
5: (135, 70)
7: (164, 124)
8: (181, 163)
10: (218, 186)
16: (293, 494)
19: (358, 217)
20: (367, 137)
23: (382, 352)
24: (396, 90)
27: (446, 6)
29: (504, 48)
31: (535, 35)
35: (559, 221)
36: (586, 27)
===========BOTTOM CHAIN VERTICES============
2: (58, 89)
3: (82, 74)
6: (160, 197)
9: (210, 466)
11: (233, 336)
12: (236, 297)
13: (244, 342)
14: (264, 391)
15: (267, 493)
17: (293, 510)
18: (350, 291)
21: (367, 187)
22: (368, 339)
25: (404, 421)
26: (418, 153)
28: (501, 239)
30: (528, 96)
32: (535, 175)
33: (539, 143)
34: (542, 246)
37: (598, 242)
38: (656, 83)
39: (660, 40)
40: (681, 35)
41: (713, 112)
42: (752, 249)
43: (755, 77)
44: (774, 46)
45: (786, 75)
46: (838, 142)
47: (855, 126)
48: (882, 109)
49: (905, 6)
==================EDGES=====================
(31, 88) -> (31, 10)
(31, 10) -> (87, 77)
(87, 77) -> (135, 70)
(135, 70) -> (164, 124)
(164, 124) -> (181, 163)
(181, 163) -> (218, 186)
(218, 186) -> (293, 494)
(293, 494) -> (358, 217)
(358, 217) -> (367, 137)
(367, 137) -> (382, 352)
(382, 352) -> (396, 90)
(396, 90) -> (446, 6)
(446, 6) -> (504, 48)
(504, 48) -> (535, 35)
(535, 35) -> (559, 221)
(559, 221) -> (586, 27)
(31, 88) -> (58, 89)
(58, 89) -> (82, 74)
(82, 74) -> (160, 197)
(160, 197) -> (210, 466)
(210, 466) -> (233, 336)
(233, 336) -> (236, 297)
(236, 297) -> (244, 342)
(244, 342) -> (264, 391)
(264, 391) -> (267, 493)
(267, 493) -> (293, 510)
(293, 510) -> (350, 291)
(350, 291) -> (367, 187)
(367, 187) -> (368, 339)
(368, 339) -> (404, 421)
(404, 421) -> (418, 153)
(418, 153) -> (501, 239)
(501, 239) -> (528, 96)
(528, 96) -> (535, 175)
(535, 175) -> (539, 143)
(539, 143) -> (542, 246)
(542, 246) -> (598, 242)
(598, 242) -> (656, 83)
(656, 83) -> (660, 40)
(660, 40) -> (681, 35)
(681, 35) -> (713, 112)
(713, 112) -> (752, 249)
(752, 249) -> (755, 77)
(755, 77) -> (774, 46)
(774, 46) -> (786, 75)
(786, 75) -> (838, 142)
(838, 142) -> (855, 126)
(855, 126) -> (882, 109)
(882, 109) -> (905, 6)
(905, 6) -> (586, 27)
