Vertices: 100
Top chain length: 49
Bottom chain length: 51
=============TOP CHAIN VERTICES=============
0: (15, 88)
1: (15, 47)
4: (69, 287)
8: (135, 28)
12: (148, 162)
13: (150, 224)
16: (195, 137)
19: (226, 172)
20: (229, 1)
21: (265, 156)
23: (290, 47)
24: (312, 121)
25: (316, 185)
27: (348, 111)
29: (360, 94)
30: (364, 129)
31: (370, 202)
34: (403, 58)
37: (501, 142)
39: (553, 98)
44: (614, 6)
45: (614, 306)
48: (628, 49)
50: (631, 40)
51: (653, 118)
52: (700, 2)
53: (705, 77)
57: (746, 45)
60: (781, 61)
61: (796, 218)
62: (801, 227)
64: (817, 146)
65: (837, 4)
68: (881, 107)
70: (913, 151)
75: (981, 27)
76: (997, 13)
79: (1024, 75)
81: (1036, 127)
82: (1050, 137)
84: (1081, 22)
86: (1129, 133)
91: (1182, 78)
93: (1205, 329)
94: (1208, 64)
96: (1306, 77)
97: (1317, 251)
98: (1353, 55)
99: (1358, 237)
===========BOTTOM CHAIN VERTICES============
2: (32, 194)
3: (35, 216)
5: (94, 393)
6: (98, 289)
7: (104, 173)
9: (135, 194)
10: (143, 253)
11: (144, 329)
14: (164, 234)
15: (182, 191)
17: (208, 193)
18: (215, 205)
22: (275, 233)
26: (335, 236)
28: (351, 155)
32: (374, 237)
33: (385, 255)
35: (429, 175)
36: (455, 266)
38: (549, 349)
40: (570, 200)
41: (599, 163)
42: (609, 204)
43: (613, 12)
46: (614, 315)
47: (625, 193)
49: (628, 153)
54: (713, 87)
55: (740, 138)
56: (745, 72)
58: (759, 91)
59: (779, 155)
63: (805, 385)
66: (875, 123)
67: (880, 133)
69: (884, 296)
71: (948, 99)
72: (959, 301)
73: (977, 77)
74: (980, 49)
77: (1001, 414)
78: (1017, 246)
80: (1035, 254)
83: (1070, 86)
85: (1096, 258)
87: (1142, 217)
88: (1163, 212)
89: (1165, 115)
90: (1174, 193)
92: (1185, 417)
95: (1220, 359)
==================EDGES=====================
(15, 88) -> (15, 47)
(15, 47) -> (69, 287)
(69, 287) -> (135, 28)
(135, 28) -> (148, 162)
(148, 162) -> (150, 224)
(150, 224) -> (195, 137)
(195, 137) -> (226, 172)
(226, 172) -> (229, 1)
(229, 1) -> (265, 156)
(265, 156) -> (290, 47)
(290, 47) -> (312, 121)
(312, 121) -> (316, 185)
(316, 185) -> (348, 111)
(348, 111) -> (360, 94)
(360, 94) -> (364, 129)
(364, 129) -> (370, 202)
(370, 202) -> (403, 58)
(403, 58) -> (501, 142)
(501, 142) -> (553, 98)
(553, 98) -> (614, 6)
(614, 6) -> (614, 306)
(614, 306) -> (628, 49)
(628, 49) -> (631, 40)
(631, 40) -> (653, 118)
(653, 118) -> (700, 2)
(700, 2) -> (705, 77)
(705, 77) -> (746, 45)
(746, 45) -> (781, 61)
(781, 61) -> (796, 218)
(796, 218) -> (801, 227)
(801, 227) -> (817, 146)
(817, 146) -> (837, 4)
(837, 4) -> (881, 107)
(881, 107) -> (913, 151)
(913, 151) -> (981, 27)
(981, 27) -> (997, 13)
(997, 13) -> (1024, 75)
(1024, 75) -> (1036, 127)
(1036, 127) -> (1050, 137)
(1050, 137) -> (1081, 22)
(1081, 22) -> (1129, 133)
(1129, 133) -> (1182, 78)
(1182, 78) -> (1205, 329)
(1205, 329) -> (1208, 64)
(1208, 64) -> (1306, 77)
(1306, 77) -> (1317, 251)
(1317, 251) -> (1353, 55)
(1353, 55) -> (1358, 237)
(15, 88) -> (32, 194)
(32, 194) -> (35, 216)
(35, 216) -> (94, 393)
(94, 393) -> (98, 289)
(98, 289) -> (104, 173)
(104, 173) -> (135, 194)
(135, 194) -> (143, 253)
(143, 253) -> (144, 329)
(144, 329) -> (164, 234)
(164, 234) -> (182, 191)
(182, 191) -> (208, 193)
(208, 193) -> (215, 205)
(215, 205) -> (275, 233)
(275, 233) -> (335, 236)
(335, 236) -> (351, 155)
(351, 155) -> (374, 237)
(374, 237) -> (385, 255)
(385, 255) -> (429, 175)
(429, 175) -> (455, 266)
(455, 266) -> (549, 349)
(549, 349) -> (570, 200)
(570, 200) -> (599, 163)
(599, 163) -> (609, 204)
(609, 204) -> (613, 12)
(613, 12) -> (614, 315)
(614, 315) -> (625, 193)
(625, 193) -> (628, 153)
(628, 153) -> (713, 87)
(713, 87) -> (740, 138)
(740, 138) -> (745, 72)
(745, 72) -> (759, 91)
(759, 91) -> (779, 155)
(779, 155) -> (805, 385)
(805, 385) -> (875, 123)
(875, 123) -> (880, 133)
(880, 133) -> (884, 296)
(884, 296) -> (948, 99)
(948, 99) -> (959, 301)
(959, 301) -> (977, 77)
(977, 77) -> (980, 49)
(980, 49) -> (1001, 414)
(1001, 414) -> (1017, 246)
(1017, 246) -> (1035, 254)
(1035, 254) -> (1070, 86)
(1070, 86) -> (1096, 258)
(1096, 258) -> (1142, 217)
(1142, 217) -> (1163, 212)
(1163, 212) -> (1165, 115)
(1165, 115) -> (1174, 193)
(1174, 193) -> (1185, 417)
(1185, 417) -> (1220, 359)
(1220, 359) -> (1358, 237)
