Vertices: 100
Top chain length: 68
Bottom chain length: 32
=============TOP CHAIN VERTICES=============
0: (89, 147)
1: (89, 2)
5: (150, 38)
10: (200, 142)
13: (206, 61)
18: (212, 481)
19: (226, 121)
20: (251, 274)
21: (260, 183)
22: (274, 27)
24: (301, 11)
25: (306, 41)
28: (379, 251)
33: (449, 401)
36: (551, 17)
40: (587, 11)
41: (597, 163)
44: (637, 205)
46: (720, 10)
49: (767, 47)
51: (789, 234)
53: (831, 364)
54: (854, 5)
55: (874, 82)
56: (877, 146)
57: (894, 151)
58: (938, 158)
59: (976, 32)
60: (984, 29)
61: (993, 78)
62: (1023, 162)
63: (1130, 37)
64: (1148, 46)
65: (1190, 41)
66: (1194, 28)
67: (1232, 4)
68: (1258, 154)
69: (1262, 113)
70: (1279, 85)
71: (1362, 90)
72: (1388, 112)
73: (1407, 311)
74: (1430, 120)
75: (1464, 75)
76: (1485, 116)
77: (1496, 68)
78: (1540, 382)
79: (1594, 119)
80: (1623, 51)
81: (1630, 126)
82: (1710, 105)
83: (1718, 226)
84: (1722, 84)
85: (1768, 18)
86: (1775, 49)
87: (1797, 171)
88: (1871, 32)
89: (1929, 32)
90: (1956, 82)
91: (1975, 114)
92: (2026, 68)
93: (2039, 254)
94: (2104, 115)
95: (2136, 65)
96: (2163, 195)
97: (2164, 126)
98: (2217, 129)
99: (2244, 258)
===========BOTTOM CHAIN VERTICES============
2: (115, 177)
3: (137, 60)
4: (147, 207)
6: (151, 90)
7: (167, 218)
8: (182, 162)
9: (187, 222)
11: (202, 166)
12: (204, 167)
14: (207, 172)
15: (209, 284)
16: (210, 365)
17: (211, 562)
23: (287, 37)
26: (348, 286)
27: (362, 341)
29: (384, 318)
30: (397, 320)
31: (412, 342)
32: (419, 544)
34: (518, 249)
35: (549, 49)
37: (559, 48)
38: (571, 36)
39: (579, 71)
42: (601, 351)
43: (629, 304)
45: (706, 53)
47: (736, 220)
48: (766, 66)
50: (777, 249)
52: (791, 546)
==================EDGES=====================
(89, 147) -> (89, 2)
(89, 2) -> (150, 38)
(150, 38) -> (200, 142)
(200, 142) -> (206, 61)
(206, 61) -> (212, 481)
(212, 481) -> (226, 121)
(226, 121) -> (251, 274)
(251, 274) -> (260, 183)
(260, 183) -> (274, 27)
(274, 27) -> (301, 11)
(301, 11) -> (306, 41)
(306, 41) -> (379, 251)
(379, 251) -> (449, 401)
(449, 401) -> (551, 17)
(551, 17) -> (587, 11)
(587, 11) -> (597, 163)
(597, 163) -> (637, 205)
(637, 205) -> (720, 10)
(720, 10) -> (767, 47)
(767, 47) -> (789, 234)
(789, 234) -> (831, 364)
(831, 364) -> (854, 5)
(854, 5) -> (874, 82)
(874, 82) -> (877, 146)
(877, 146) -> (894, 151)
(894, 151) -> (938, 158)
(938, 158) -> (976, 32)
(976, 32) -> (984, 29)
(984, 29) -> (993, 78)
(993, 78) -> (1023, 162)
(1023, 162) -> (1130, 37)
(1130, 37) -> (1148, 46)
(1148, 46) -> (1190, 41)
(1190, 41) -> (1194, 28)
(1194, 28) -> (1232, 4)
(1232, 4) -> (1258, 154)
(1258, 154) -> (1262, 113)
(1262, 113) -> (1279, 85)
(1279, 85) -> (1362, 90)
(1362, 90) -> (1388, 112)
(1388, 112) -> (1407, 311)
(1407, 311) -> (1430, 120)
(1430, 120) -> (1464, 75)
(1464, 75) -> (1485, 116)
(1485, 116) -> (1496, 68)
(1496, 68) -> (1540, 382)
(1540, 382) -> (1594, 119)
(1594, 119) -> (1623, 51)
(1623, 51) -> (1630, 126)
(1630, 126) -> (1710, 105)
(1710, 105) -> (1718, 226)
(1718, 226) -> (1722, 84)
(1722, 84) -> (1768, 18)
(1768, 18) -> (1775, 49)
(1775, 49) -> (1797, 171)
(1797, 171) -> (1871, 32)
(1871, 32) -> (1929, 32)
(1929, 32) -> (1956, 82)
(1956, 82) -> (1975, 114)
(1975, 114) -> (2026, 68)
(2026, 68) -> (2039, 254)
(2039, 254) -> (2104, 115)
(2104, 115) -> (2136, 65)
(2136, 65) -> (2163, 195)
(2163, 195) -> (2164, 126)
(2164, 126) -> (2217, 129)
(2217, 129) -> (2244, 258)
(89, 147) -> (115, 177)
(115, 177) -> (137, 60)
(137, 60) -> (147, 207)
(147, 207) -> (151, 90)
(151, 90) -> (167, 218)
(167, 218) -> (182, 162)
(182, 162) -> (187, 222)
(187, 222) -> (202, 166)
(202, 166) -> (204, 167)
(204, 167) -> (207, 172)
(207, 172) -> (209, 284)
(209, 284) -> (210, 365)
(210, 365) -> (211, 562)
(211, 562) -> (287, 37)
(287, 37) -> (348, 286)
(348, 286) -> (362, 341)
(362, 341) -> (384, 318)
(384, 318) -> (397, 320)
(397, 320) -> (412, 342)
(412, 342) -> (419, 544)
(419, 544) -> (518, 249)
(518, 249) -> (549, 49)
(549, 49) -> (559, 48)
(559, 48) -> (571, 36)
(571, 36) -> (579, 71)
(579, 71) -> (601, 351)
(601, 351) -> (629, 304)
(629, 304) -> (706, 53)
(706, 53) -> (736, 220)
(736, 220) -> (766, 66)
(766, 66) -> (777, 249)
(777, 249) -> (791, 546)
(791, 546) -> (2244, 258)
