Vertices: 100
Top chain length: 64
Bottom chain length: 36
=============TOP CHAIN VERTICES=============
0: (65, 127)
1: (65, 4)
2: (82, 221)
4: (94, 61)
6: (123, 24)
10: (173, 33)
12: (228, 267)
13: (231, 106)
14: (278, 65)
17: (324, 131)
19: (365, 139)
21: (408, 59)
27: (464, 78)
30: (514, 112)
34: (549, 57)
36: (602, 223)
37: (609, 137)
38: (634, 105)
40: (665, 80)
41: (669, 4)
44: (687, 111)
47: (732, 17)
50: (749, 229)
53: (787, 144)
55: (868, 111)
59: (884, 21)
60: (884, 278)
63: (947, 137)
64: (966, 196)
65: (992, 26)
66: (1025, 211)
67: (1052, 234)
68: (1052, 39)
69: (1108, 58)
70: (1150, 74)
71: (1231, 109)
72: (1307, 322)
73: (1352, 144)
74: (1441, 48)
75: (1451, 10)
76: (1456, 110)
77: (1478, 109)
78: (1541, 84)
79: (1561, 267)
80: (1582, 150)
81: (1608, 100)
82: (1626, 297)
83: (1708, 59)
84: (1745, 231)
85: (1759, 27)
86: (1761, 153)
87: (1772, 9)
88: (1813, 49)
89: (1820, 269)
90: (1829, 184)
91: (1912, 126)
92: (1918, 212)
93: (1930, 18)
94: (1947, 88)
95: (1951, 0)
96: (1989, 289)
97: (1999, 109)
98: (2016, 166)
99: (2077, 361)
===========BOTTOM CHAIN VERTICES============
3: (82, 233)
5: (122, 95)
7: (136, 87)
8: (165, 151)
9: (167, 210)
11: (222, 319)
15: (296, 181)
16: (322, 238)
18: (347, 182)
20: (401, 136)
22: (435, 124)
23: (438, 165)
24: (457, 144)
25: (459, 93)
26: (460, 177)
28: (471, 184)
29: (473, 248)
31: (523, 118)
32: (529, 217)
33: (537, 213)
35: (600, 305)
39: (643, 159)
42: (671, 67)
43: (679, 166)
45: (690, 121)
46: (723, 70)
48: (737, 116)
49: (741, 216)
51: (759, 306)
52: (774, 239)
54: (814, 210)
56: (872, 178)
57: (875, 211)
58: (882, 204)
61: (884, 372)
62: (932, 440)
==================EDGES=====================
(65, 127) -> (65, 4)
(65, 4) -> (82, 221)
(82, 221) -> (94, 61)
(94, 61) -> (123, 24)
(123, 24) -> (173, 33)
(173, 33) -> (228, 267)
(228, 267) -> (231, 106)
(231, 106) -> (278, 65)
(278, 65) -> (324, 131)
(324, 131) -> (365, 139)
(365, 139) -> (408, 59)
(408, 59) -> (464, 78)
(464, 78) -> (514, 112)
(514, 112) -> (549, 57)
(549, 57) -> (602, 223)
(602, 223) -> (609, 137)
(609, 137) -> (634, 105)
(634, 105) -> (665, 80)
(665, 80) -> (669, 4)
(669, 4) -> (687, 111)
(687, 111) -> (732, 17)
(732, 17) -> (749, 229)
(749, 229) -> (787, 144)
(787, 144) -> (868, 111)
(868, 111) -> (884, 21)
(884, 21) -> (884, 278)
(884, 278) -> (947, 137)
(947, 137) -> (966, 196)
(966, 196) -> (992, 26)
(992, 26) -> (1025, 211)
(1025, 211) -> (1052, 234)
(1052, 234) -> (1052, 39)
(1052, 39) -> (1108, 58)
(1108, 58) -> (1150, 74)
(1150, 74) -> (1231, 109)
(1231, 109) -> (1307, 322)
(1307, 322) -> (1352, 144)
(1352, 144) -> (1441, 48)
(1441, 48) -> (1451, 10)
(1451, 10) -> (1456, 110)
(1456, 110) -> (1478, 109)
(1478, 109) -> (1541, 84)
(1541, 84) -> (1561, 267)
(1561, 267) -> (1582, 150)
(1582, 150) -> (1608, 100)
(1608, 100) -> (1626, 297)
(1626, 297) -> (1708, 59)
(1708, 59) -> (1745, 231)
(1745, 231) -> (1759, 27)
(1759, 27) -> (1761, 153)
(1761, 153) -> (1772, 9)
(1772, 9) -> (1813, 49)
(1813, 49) -> (1820, 269)
(1820, 269) -> (1829, 184)
(1829, 184) -> (1912, 126)
(1912, 126) -> (1918, 212)
(1918, 212) -> (1930, 18)
(1930, 18) -> (1947, 88)
(1947, 88) -> (1951, 0)
(1951, 0) -> (1989, 289)
(1989, 289) -> (1999, 109)
(1999, 109) -> (2016, 166)
(2016, 166) -> (2077, 361)
(65, 127) -> (82, 233)
(82, 233) -> (122, 95)
(122, 95) -> (136, 87)
(136, 87) -> (165, 151)
(165, 151) -> (167, 210)
(167, 210) -> (222, 319)
(222, 319) -> (296, 181)
(296, 181) -> (322, 238)
(322, 238) -> (347, 182)
(347, 182) -> (401, 136)
(401, 136) -> (435, 124)
(435, 124) -> (438, 165)
(438, 165) -> (457, 144)
(457, 144) -> (459, 93)
(459, 93) -> (460, 177)
(460, 177) -> (471, 184)
(471, 184) -> (473, 248)
(473, 248) -> (523, 118)
(523, 118) -> (529, 217)
(529, 217) -> (537, 213)
(537, 213) -> (600, 305)
(600, 305) -> (643, 159)
(643, 159) -> (671, 67)
(671, 67) -> (679, 166)
(679, 166) -> (690, 121)
(690, 121) -> (723, 70)
(723, 70) -> (737, 116)
(737, 116) -> (741, 216)
(741, 216) -> (759, 306)
(759, 306) -> (774, 239)
(774, 239) -> (814, 210)
(814, 210) -> (872, 178)
(872, 178) -> (875, 211)
(875, 211) -> (882, 204)
(882, 204) -> (884, 372)
(884, 372) -> (932, 440)
(932, 440) -> (2077, 361)
