Vertices: 100
Top chain length: 44
Bottom chain length: 56
=============TOP CHAIN VERTICES=============
0: (5, 278)
1: (5, 29)
4: (71, 151)
6: (88, 86)
7: (93, 285)
8: (94, 6)
10: (149, 68)
13: (219, 62)
16: (274, 149)
18: (275, 273)
21: (342, 46)
23: (350, 21)
26: (414, 66)
28: (463, 160)
33: (550, 104)
37: (607, 127)
42: (613, 294)
45: (659, 134)
46: (669, 239)
48: (720, 85)
49: (725, 158)
50: (744, 31)
51: (759, 39)
55: (802, 174)
57: (874, 116)
58: (876, 66)
59: (881, 26)
61: (893, 106)
65: (901, 339)
67: (958, 23)
70: (989, 148)
72: (1001, 251)
73: (1063, 52)
77: (1138, 14)
79: (1162, 17)
80: (1168, 49)
82: (1181, 280)
85: (1201, 58)
86: (1203, 139)
90: (1254, 313)
92: (1263, 61)
96: (1298, 19)
97: (1305, 263)
98: (1317, 102)
===========BOTTOM CHAIN VERTICES============
2: (34, 179)
3: (48, 135)
5: (80, 345)
9: (133, 239)
11: (182, 102)
12: (189, 220)
14: (247, 171)
15: (256, 204)
17: (274, 162)
19: (276, 408)
20: (311, 257)
22: (345, 225)
24: (375, 106)
25: (394, 88)
27: (450, 147)
29: (476, 202)
30: (491, 166)
31: (516, 206)
32: (529, 197)
34: (575, 247)
35: (597, 165)
36: (600, 170)
38: (608, 167)
39: (609, 224)
40: (611, 271)
41: (612, 410)
43: (628, 245)
44: (638, 299)
47: (706, 183)
52: (774, 208)
53: (777, 166)
54: (796, 262)
56: (833, 180)
60: (886, 184)
62: (894, 205)
63: (897, 312)
64: (899, 293)
66: (902, 410)
68: (964, 145)
69: (973, 246)
71: (1000, 261)
74: (1071, 197)
75: (1086, 101)
76: (1103, 78)
78: (1143, 268)
81: (1174, 230)
83: (1194, 441)
84: (1197, 225)
87: (1210, 295)
88: (1226, 319)
89: (1236, 296)
91: (1260, 347)
93: (1287, 65)
94: (1295, 144)
95: (1297, 309)
99: (1325, 173)
==================EDGES=====================
(5, 278) -> (5, 29)
(5, 29) -> (71, 151)
(71, 151) -> (88, 86)
(88, 86) -> (93, 285)
(93, 285) -> (94, 6)
(94, 6) -> (149, 68)
(149, 68) -> (219, 62)
(219, 62) -> (274, 149)
(274, 149) -> (275, 273)
(275, 273) -> (342, 46)
(342, 46) -> (350, 21)
(350, 21) -> (414, 66)
(414, 66) -> (463, 160)
(463, 160) -> (550, 104)
(550, 104) -> (607, 127)
(607, 127) -> (613, 294)
(613, 294) -> (659, 134)
(659, 134) -> (669, 239)
(669, 239) -> (720, 85)
(720, 85) -> (725, 158)
(725, 158) -> (744, 31)
(744, 31) -> (759, 39)
(759, 39) -> (802, 174)
(802, 174) -> (874, 116)
(874, 116) -> (876, 66)
(876, 66) -> (881, 26)
(881, 26) -> (893, 106)
(893, 106) -> (901, 339)
(901, 339) -> (958, 23)
(958, 23) -> (989, 148)
(989, 148) -> (1001, 251)
(1001, 251) -> (1063, 52)
(1063, 52) -> (1138, 14)
(1138, 14) -> (1162, 17)
(1162, 17) -> (1168, 49)
(1168, 49) -> (1181, 280)
(1181, 280) -> (1201, 58)
(1201, 58) -> (1203, 139)
(1203, 139) -> (1254, 313)
(1254, 313) -> (1263, 61)
(1263, 61) -> (1298, 19)
(1298, 19) -> (1305, 263)
(1305, 263) -> (1317, 102)
(5, 278) -> (34, 179)
(34, 179) -> (48, 135)
(48, 135) -> (80, 345)
(80, 345) -> (133, 239)
(133, 239) -> (182, 102)
(182, 102) -> (189, 220)
(189, 220) -> (247, 171)
(247, 171) -> (256, 204)
(256, 204) -> (274, 162)
(274, 162) -> (276, 408)
(276, 408) -> (311, 257)
(311, 257) -> (345, 225)
(345, 225) -> (375, 106)
(375, 106) -> (394, 88)
(394, 88) -> (450, 147)
(450, 147) -> (476, 202)
(476, 202) -> (491, 166)
(491, 166) -> (516, 206)
(516, 206) -> (529, 197)
(529, 197) -> (575, 247)
(575, 247) -> (597, 165)
(597, 165) -> (600, 170)
(600, 170) -> (608, 167)
(608, 167) -> (609, 224)
(609, 224) -> (611, 271)
(611, 271) -> (612, 410)
(612, 410) -> (628, 245)
(628, 245) -> (638, 299)
(638, 299) -> (706, 183)
(706, 183) -> (774, 208)
(774, 208) -> (777, 166)
(777, 166) -> (796, 262)
(796, 262) -> (833, 180)
(833, 180) -> (886, 184)
(886, 184) -> (894, 205)
(894, 205) -> (897, 312)
(897, 312) -> (899, 293)
(899, 293) -> (902, 410)
(902, 410) -> (964, 145)
(964, 145) -> (973, 246)
(973, 246) -> (1000, 261)
(1000, 261) -> (1071, 197)
(1071, 197) -> (1086, 101)
(1086, 101) -> (1103, 78)
(1103, 78) -> (1143, 268)
(1143, 268) -> (1174, 230)
(1174, 230) -> (1194, 441)
(1194, 441) -> (1197, 225)
(1197, 225) -> (1210, 295)
(1210, 295) -> (1226, 319)
(1226, 319) -> (1236, 296)
(1236, 296) -> (1260, 347)
(1260, 347) -> (1287, 65)
(1287, 65) -> (1295, 144)
(1295, 144) -> (1297, 309)
(1297, 309) -> (1325, 173)
(1325, 173) -> (1317, 102)
