Vertices: 50
Top chain length: 28
Bottom chain length: 22
=============TOP CHAIN VERTICES=============
0: (52, 185)
1: (52, 150)
4: (137, 89)
6: (167, 91)
9: (254, 41)
11: (300, 83)
14: (317, 96)
15: (318, 95)
18: (380, 152)
21: (414, 18)
22: (434, 120)
25: (496, 138)
29: (556, 163)
30: (562, 3)
33: (602, 94)
34: (652, 42)
36: (703, 192)
38: (707, 8)
40: (734, 67)
41: (742, 91)
42: (749, 265)
43: (778, 10)
44: (781, 6)
45: (806, 177)
46: (916, 81)
47: (942, 72)
48: (1029, 115)
49: (1079, 267)
===========BOTTOM CHAIN VERTICES============
2: (63, 188)
3: (131, 153)
5: (139, 210)
7: (192, 213)
8: (216, 120)
10: (270, 96)
12: (313, 209)
13: (315, 333)
16: (351, 221)
17: (375, 220)
19: (408, 158)
20: (413, 142)
23: (434, 272)
24: (480, 225)
26: (519, 254)
27: (522, 202)
28: (529, 277)
31: (583, 201)
32: (585, 117)
35: (653, 69)
37: (704, 322)
39: (716, 268)
==================EDGES=====================
(52, 185) -> (52, 150)
(52, 150) -> (137, 89)
(137, 89) -> (167, 91)
(167, 91) -> (254, 41)
(254, 41) -> (300, 83)
(300, 83) -> (317, 96)
(317, 96) -> (318, 95)
(318, 95) -> (380, 152)
(380, 152) -> (414, 18)
(414, 18) -> (434, 120)
(434, 120) -> (496, 138)
(496, 138) -> (556, 163)
(556, 163) -> (562, 3)
(562, 3) -> (602, 94)
(602, 94) -> (652, 42)
(652, 42) -> (703, 192)
(703, 192) -> (707, 8)
(707, 8) -> (734, 67)
(734, 67) -> (742, 91)
(742, 91) -> (749, 265)
(749, 265) -> (778, 10)
(778, 10) -> (781, 6)
(781, 6) -> (806, 177)
(806, 177) -> (916, 81)
(916, 81) -> (942, 72)
(942, 72) -> (1029, 115)
(1029, 115) -> (1079, 267)
(52, 185) -> (63, 188)
(63, 188) -> (131, 153)
(131, 153) -> (139, 210)
(139, 210) -> (192, 213)
(192, 213) -> (216, 120)
(216, 120) -> (270, 96)
(270, 96) -> (313, 209)
(313, 209) -> (315, 333)
(315, 333) -> (351, 221)
(351, 221) -> (375, 220)
(375, 220) -> (408, 158)
(408, 158) -> (413, 142)
(413, 142) -> (434, 272)
(434, 272) -> (480, 225)
(480, 225) -> (519, 254)
(519, 254) -> (522, 202)
(522, 202) -> (529, 277)
(529, 277) -> (583, 201)
(583, 201) -> (585, 117)
(585, 117) -> (653, 69)
(653, 69) -> (704, 322)
(704, 322) -> (716, 268)
(716, 268) -> (1079, 267)
