Vertices: 100
Top chain length: 42
Bottom chain length: 58
=============TOP CHAIN VERTICES=============
0: (43, 235)
1: (43, 91)
3: (69, 27)
10: (156, 180)
13: (197, 152)
14: (213, 30)
15: (225, 92)
17: (262, 49)
21: (306, 211)
22: (324, 3)
25: (398, 56)
26: (431, 138)
28: (469, 44)
31: (505, 245)
33: (556, 121)
36: (580, 20)
39: (586, 247)
42: (631, 178)
43: (654, 34)
46: (713, 97)
48: (762, 114)
49: (773, 14)
50: (799, 31)
56: (833, 315)
60: (922, 28)
61: (934, 107)
62: (949, 123)
64: (968, 68)
67: (1005, 151)
70: (1076, 84)
72: (1080, 154)
74: (1090, 61)
75: (1111, 45)
78: (1155, 57)
79: (1165, 35)
84: (1187, 60)
85: (1221, 171)
87: (1236, 74)
90: (1273, 46)
93: (1284, 4)
96: (1345, 217)
97: (1347, 68)
===========BOTTOM CHAIN VERTICES============
2: (64, 169)
4: (73, 67)
5: (86, 146)
6: (100, 126)
7: (123, 129)
8: (143, 278)
9: (146, 239)
11: (164, 393)
12: (176, 260)
16: (229, 88)
18: (273, 178)
19: (286, 194)
20: (300, 238)
23: (360, 71)
24: (396, 156)
27: (453, 129)
29: (473, 186)
30: (492, 195)
32: (512, 343)
34: (561, 212)
35: (579, 105)
37: (581, 138)
38: (584, 220)
40: (587, 344)
41: (623, 214)
44: (693, 150)
45: (700, 307)
47: (760, 161)
51: (802, 181)
52: (812, 257)
53: (819, 311)
54: (823, 277)
55: (828, 295)
57: (841, 349)
58: (903, 205)
59: (916, 78)
63: (952, 254)
65: (969, 195)
66: (993, 220)
68: (1005, 235)
69: (1016, 301)
71: (1076, 91)
73: (1081, 315)
76: (1123, 298)
77: (1138, 224)
80: (1170, 113)
81: (1173, 98)
82: (1179, 84)
83: (1185, 322)
86: (1227, 290)
88: (1252, 284)
89: (1259, 287)
91: (1274, 333)
92: (1281, 346)
94: (1288, 257)
95: (1325, 359)
98: (1418, 29)
99: (1429, 6)
==================EDGES=====================
(43, 235) -> (43, 91)
(43, 91) -> (69, 27)
(69, 27) -> (156, 180)
(156, 180) -> (197, 152)
(197, 152) -> (213, 30)
(213, 30) -> (225, 92)
(225, 92) -> (262, 49)
(262, 49) -> (306, 211)
(306, 211) -> (324, 3)
(324, 3) -> (398, 56)
(398, 56) -> (431, 138)
(431, 138) -> (469, 44)
(469, 44) -> (505, 245)
(505, 245) -> (556, 121)
(556, 121) -> (580, 20)
(580, 20) -> (586, 247)
(586, 247) -> (631, 178)
(631, 178) -> (654, 34)
(654, 34) -> (713, 97)
(713, 97) -> (762, 114)
(762, 114) -> (773, 14)
(773, 14) -> (799, 31)
(799, 31) -> (833, 315)
(833, 315) -> (922, 28)
(922, 28) -> (934, 107)
(934, 107) -> (949, 123)
(949, 123) -> (968, 68)
(968, 68) -> (1005, 151)
(1005, 151) -> (1076, 84)
(1076, 84) -> (1080, 154)
(1080, 154) -> (1090, 61)
(1090, 61) -> (1111, 45)
(1111, 45) -> (1155, 57)
(1155, 57) -> (1165, 35)
(1165, 35) -> (1187, 60)
(1187, 60) -> (1221, 171)
(1221, 171) -> (1236, 74)
(1236, 74) -> (1273, 46)
(1273, 46) -> (1284, 4)
(1284, 4) -> (1345, 217)
(1345, 217) -> (1347, 68)
(43, 235) -> (64, 169)
(64, 169) -> (73, 67)
(73, 67) -> (86, 146)
(86, 146) -> (100, 126)
(100, 126) -> (123, 129)
(123, 129) -> (143, 278)
(143, 278) -> (146, 239)
(146, 239) -> (164, 393)
(164, 393) -> (176, 260)
(176, 260) -> (229, 88)
(229, 88) -> (273, 178)
(273, 178) -> (286, 194)
(286, 194) -> (300, 238)
(300, 238) -> (360, 71)
(360, 71) -> (396, 156)
(396, 156) -> (453, 129)
(453, 129) -> (473, 186)
(473, 186) -> (492, 195)
(492, 195) -> (512, 343)
(512, 343) -> (561, 212)
(561, 212) -> (579, 105)
(579, 105) -> (581, 138)
(581, 138) -> (584, 220)
(584, 220) -> (587, 344)
(587, 344) -> (623, 214)
(623, 214) -> (693, 150)
(693, 150) -> (700, 307)
(700, 307) -> (760, 161)
(760, 161) -> (802, 181)
(802, 181) -> (812, 257)
(812, 257) -> (819, 311)
(819, 311) -> (823, 277)
(823, 277) -> (828, 295)
(828, 295) -> (841, 349)
(841, 349) -> (903, 205)
(903, 205) -> (916, 78)
(916, 78) -> (952, 254)
(952, 254) -> (969, 195)
(969, 195) -> (993, 220)
(993, 220) -> (1005, 235)
(1005, 235) -> (1016, 301)
(1016, 301) -> (1076, 91)
(1076, 91) -> (1081, 315)
(1081, 315) -> (1123, 298)
(1123, 298) -> (1138, 224)
(1138, 224) -> (1170, 113)
(1170, 113) -> (1173, 98)
(1173, 98) -> (1179, 84)
(1179, 84) -> (1185, 322)
(1185, 322) -> (1227, 290)
(1227, 290) -> (1252, 284)
(1252, 284) -> (1259, 287)
(1259, 287) -> (1274, 333)
(1274, 333) -> (1281, 346)
(1281, 346) -> (1288, 257)
(1288, 257) -> (1325, 359)
(1325, 359) -> (1418, 29)
(1418, 29) -> (1429, 6)
(1429, 6) -> (1347, 68)
