Vertices: 100
Top chain length: 45
Bottom chain length: 55
=============TOP CHAIN VERTICES=============
0: (53, 110)
1: (53, 76)
3: (58, 170)
7: (155, 25)
8: (180, 41)
11: (265, 119)
13: (316, 175)
15: (338, 6)
16: (343, 21)
18: (354, 138)
19: (394, 70)
24: (423, 252)
25: (444, 130)
28: (481, 168)
30: (492, 123)
32: (506, 6)
34: (511, 201)
37: (538, 157)
40: (552, 291)
42: (582, 359)
43: (591, 78)
44: (596, 118)
45: (621, 12)
48: (659, 1)
51: (667, 115)
53: (747, 84)
56: (770, 47)
58: (787, 212)
59: (839, 115)
61: (844, 154)
64: (864, 48)
67: (916, 217)
70: (968, 108)
72: (990, 127)
73: (999, 101)
77: (1087, 170)
79: (1123, 152)
80: (1136, 228)
83: (1205, 331)
85: (1262, 114)
88: (1324, 36)
89: (1327, 25)
90: (1357, 57)
92: (1391, 111)
96: (1450, 195)
===========BOTTOM CHAIN VERTICES============
2: (54, 134)
4: (59, 339)
5: (94, 139)
6: (97, 158)
9: (197, 197)
10: (205, 90)
12: (294, 173)
14: (326, 225)
17: (343, 173)
20: (395, 183)
21: (398, 137)
22: (406, 427)
23: (421, 299)
26: (444, 177)
27: (455, 169)
29: (490, 234)
31: (504, 54)
33: (509, 206)
35: (516, 282)
36: (537, 200)
38: (539, 215)
39: (543, 285)
41: (563, 446)
46: (638, 243)
47: (644, 245)
49: (660, 52)
50: (661, 65)
52: (668, 175)
54: (757, 115)
55: (765, 281)
57: (783, 223)
60: (842, 308)
62: (855, 219)
63: (859, 89)
65: (869, 93)
66: (888, 275)
68: (921, 361)
69: (959, 158)
71: (986, 141)
74: (1002, 358)
75: (1064, 235)
76: (1080, 204)
78: (1100, 257)
81: (1144, 344)
82: (1157, 292)
84: (1209, 394)
86: (1262, 181)
87: (1269, 174)
91: (1374, 143)
93: (1404, 216)
94: (1410, 247)
95: (1438, 191)
97: (1455, 213)
98: (1463, 147)
99: (1465, 83)
==================EDGES=====================
(53, 110) -> (53, 76)
(53, 76) -> (58, 170)
(58, 170) -> (155, 25)
(155, 25) -> (180, 41)
(180, 41) -> (265, 119)
(265, 119) -> (316, 175)
(316, 175) -> (338, 6)
(338, 6) -> (343, 21)
(343, 21) -> (354, 138)
(354, 138) -> (394, 70)
(394, 70) -> (423, 252)
(423, 252) -> (444, 130)
(444, 130) -> (481, 168)
(481, 168) -> (492, 123)
(492, 123) -> (506, 6)
(506, 6) -> (511, 201)
(511, 201) -> (538, 157)
(538, 157) -> (552, 291)
(552, 291) -> (582, 359)
(582, 359) -> (591, 78)
(591, 78) -> (596, 118)
(596, 118) -> (621, 12)
(621, 12) -> (659, 1)
(659, 1) -> (667, 115)
(667, 115) -> (747, 84)
(747, 84) -> (770, 47)
(770, 47) -> (787, 212)
(787, 212) -> (839, 115)
(839, 115) -> (844, 154)
(844, 154) -> (864, 48)
(864, 48) -> (916, 217)
(916, 217) -> (968, 108)
(968, 108) -> (990, 127)
(990, 127) -> (999, 101)
(999, 101) -> (1087, 170)
(1087, 170) -> (1123, 152)
(1123, 152) -> (1136, 228)
(1136, 228) -> (1205, 331)
(1205, 331) -> (1262, 114)
(1262, 114) -> (1324, 36)
(1324, 36) -> (1327, 25)
(1327, 25) -> (1357, 57)
(1357, 57) -> (1391, 111)
(1391, 111) -> (1450, 195)
(53, 110) -> (54, 134)
(54, 134) -> (59, 339)
(59, 339) -> (94, 139)
(94, 139) -> (97, 158)
(97, 158) -> (197, 197)
(197, 197) -> (205, 90)
(205, 90) -> (294, 173)
(294, 173) -> (326, 225)
(326, 225) -> (343, 173)
(343, 173) -> (395, 183)
(395, 183) -> (398, 137)
(398, 137) -> (406, 427)
(406, 427) -> (421, 299)
(421, 299) -> (444, 177)
(444, 177) -> (455, 169)
(455, 169) -> (490, 234)
(490, 234) -> (504, 54)
(504, 54) -> (509, 206)
(509, 206) -> (516, 282)
(516, 282) -> (537, 200)
(537, 200) -> (539, 215)
(539, 215) -> (543, 285)
(543, 285) -> (563, 446)
(563, 446) -> (638, 243)
(638, 243) -> (644, 245)
(644, 245) -> (660, 52)
(660, 52) -> (661, 65)
(661, 65) -> (668, 175)
(668, 175) -> (757, 115)
(757, 115) -> (765, 281)
(765, 281) -> (783, 223)
(783, 223) -> (842, 308)
(842, 308) -> (855, 219)
(855, 219) -> (859, 89)
(859, 89) -> (869, 93)
(869, 93) -> (888, 275)
(888, 275) -> (921, 361)
(921, 361) -> (959, 158)
(959, 158) -> (986, 141)
(986, 141) -> (1002, 358)
(1002, 358) -> (1064, 235)
(1064, 235) -> (1080, 204)
(1080, 204) -> (1100, 257)
(1100, 257) -> (1144, 344)
(1144, 344) -> (1157, 292)
(1157, 292) -> (1209, 394)
(1209, 394) -> (1262, 181)
(1262, 181) -> (1269, 174)
(1269, 174) -> (1374, 143)
(1374, 143) -> (1404, 216)
(1404, 216) -> (1410, 247)
(1410, 247) -> (1438, 191)
(1438, 191) -> (1455, 213)
(1455, 213) -> (1463, 147)
(1463, 147) -> (1465, 83)
(1465, 83) -> (1450, 195)
