Vertices: 100
Top chain length: 54
Bottom chain length: 46
=============TOP CHAIN VERTICES=============
0: (44, 63)
1: (44, 43)
2: (92, 2)
3: (129, 45)
5: (144, 38)
9: (192, 117)
10: (231, 99)
13: (249, 0)
14: (252, 223)
15: (283, 5)
20: (328, 258)
21: (347, 87)
22: (360, 130)
23: (362, 41)
24: (378, 217)
25: (395, 46)
28: (416, 131)
31: (466, 58)
35: (546, 199)
38: (592, 325)
39: (598, 25)
41: (605, 121)
45: (661, 127)
46: (712, 11)
50: (744, 49)
52: (774, 205)
53: (796, 170)
54: (798, 192)
55: (806, 25)
56: (834, 182)
57: (836, 79)
58: (889, 149)
62: (972, 203)
63: (982, 141)
65: (1048, 29)
66: (1058, 152)
68: (1083, 122)
70: (1088, 30)
74: (1146, 230)
77: (1191, 228)
79: (1249, 46)
81: (1311, 71)
85: (1367, 216)
88: (1388, 82)
89: (1409, 92)
91: (1446, 221)
92: (1470, 88)
93: (1474, 135)
94: (1535, 151)
95: (1559, 90)
96: (1579, 40)
97: (1655, 143)
98: (1707, 99)
99: (1735, 82)
===========BOTTOM CHAIN VERTICES============
4: (135, 232)
6: (170, 260)
7: (182, 102)
8: (189, 160)
11: (244, 132)
12: (248, 295)
16: (283, 136)
17: (298, 225)
18: (310, 221)
19: (325, 261)
26: (396, 281)
27: (400, 130)
29: (421, 261)
30: (454, 200)
32: (483, 163)
33: (510, 304)
34: (543, 229)
36: (561, 413)
37: (568, 260)
40: (600, 490)
42: (643, 145)
43: (644, 175)
44: (657, 143)
47: (724, 107)
48: (729, 48)
49: (738, 351)
51: (766, 270)
59: (901, 157)
60: (938, 210)
61: (955, 401)
64: (1025, 92)
67: (1077, 203)
69: (1086, 159)
71: (1109, 191)
72: (1121, 247)
73: (1145, 248)
75: (1149, 258)
76: (1187, 243)
78: (1247, 114)
80: (1262, 276)
82: (1316, 110)
83: (1329, 193)
84: (1349, 223)
86: (1378, 285)
87: (1380, 275)
90: (1424, 445)
==================EDGES=====================
(44, 63) -> (44, 43)
(44, 43) -> (92, 2)
(92, 2) -> (129, 45)
(129, 45) -> (144, 38)
(144, 38) -> (192, 117)
(192, 117) -> (231, 99)
(231, 99) -> (249, 0)
(249, 0) -> (252, 223)
(252, 223) -> (283, 5)
(283, 5) -> (328, 258)
(328, 258) -> (347, 87)
(347, 87) -> (360, 130)
(360, 130) -> (362, 41)
(362, 41) -> (378, 217)
(378, 217) -> (395, 46)
(395, 46) -> (416, 131)
(416, 131) -> (466, 58)
(466, 58) -> (546, 199)
(546, 199) -> (592, 325)
(592, 325) -> (598, 25)
(598, 25) -> (605, 121)
(605, 121) -> (661, 127)
(661, 127) -> (712, 11)
(712, 11) -> (744, 49)
(744, 49) -> (774, 205)
(774, 205) -> (796, 170)
(796, 170) -> (798, 192)
(798, 192) -> (806, 25)
(806, 25) -> (834, 182)
(834, 182) -> (836, 79)
(836, 79) -> (889, 149)
(889, 149) -> (972, 203)
(972, 203) -> (982, 141)
(982, 141) -> (1048, 29)
(1048, 29) -> (1058, 152)
(1058, 152) -> (1083, 122)
(1083, 122) -> (1088, 30)
(1088, 30) -> (1146, 230)
(1146, 230) -> (1191, 228)
(1191, 228) -> (1249, 46)
(1249, 46) -> (1311, 71)
(1311, 71) -> (1367, 216)
(1367, 216) -> (1388, 82)
(1388, 82) -> (1409, 92)
(1409, 92) -> (1446, 221)
(1446, 221) -> (1470, 88)
(1470, 88) -> (1474, 135)
(1474, 135) -> (1535, 151)
(1535, 151) -> (1559, 90)
(1559, 90) -> (1579, 40)
(1579, 40) -> (1655, 143)
(1655, 143) -> (1707, 99)
(1707, 99) -> (1735, 82)
(44, 63) -> (135, 232)
(135, 232) -> (170, 260)
(170, 260) -> (182, 102)
(182, 102) -> (189, 160)
(189, 160) -> (244, 132)
(244, 132) -> (248, 295)
(248, 295) -> (283, 136)
(283, 136) -> (298, 225)
(298, 225) -> (310, 221)
(310, 221) -> (325, 261)
(325, 261) -> (396, 281)
(396, 281) -> (400, 130)
(400, 130) -> (421, 261)
(421, 261) -> (454, 200)
(454, 200) -> (483, 163)
(483, 163) -> (510, 304)
(510, 304) -> (543, 229)
(543, 229) -> (561, 413)
(561, 413) -> (568, 260)
(568, 260) -> (600, 490)
(600, 490) -> (643, 145)
(643, 145) -> (644, 175)
(644, 175) -> (657, 143)
(657, 143) -> (724, 107)
(724, 107) -> (729, 48)
(729, 48) -> (738, 351)
(738, 351) -> (766, 270)
(766, 270) -> (901, 157)
(901, 157) -> (938, 210)
(938, 210) -> (955, 401)
(955, 401) -> (1025, 92)
(1025, 92) -> (1077, 203)
(1077, 203) -> (1086, 159)
(1086, 159) -> (1109, 191)
(1109, 191) -> (1121, 247)
(1121, 247) -> (1145, 248)
(1145, 248) -> (1149, 258)
(1149, 258) -> (1187, 243)
(1187, 243) -> (1247, 114)
(1247, 114) -> (1262, 276)
(1262, 276) -> (1316, 110)
(1316, 110) -> (1329, 193)
(1329, 193) -> (1349, 223)
(1349, 223) -> (1378, 285)
(1378, 285) -> (1380, 275)
(1380, 275) -> (1424, 445)
(1424, 445) -> (1735, 82)
