Vertices: 50
Top chain length: 23
Bottom chain length: 27
=============TOP CHAIN VERTICES=============
0: (26, 120)
1: (26, 71)
2: (34, 4)
3: (37, 175)
4: (51, 29)
6: (85, 237)
7: (97, 46)
10: (155, 71)
12: (176, 149)
15: (194, 275)
17: (220, 109)
18: (247, 126)
23: (309, 15)
29: (354, 168)
30: (358, 58)
31: (358, 16)
32: (362, 60)
34: (416, 143)
39: (472, 122)
40: (506, 176)
43: (547, 144)
44: (573, 113)
45: (588, 115)
===========BOTTOM CHAIN VERTICES============
5: (74, 373)
8: (139, 75)
9: (146, 147)
11: (168, 172)
13: (179, 194)
14: (182, 253)
16: (206, 332)
19: (267, 115)
20: (276, 122)
21: (304, 73)
22: (308, 32)
24: (309, 55)
25: (315, 172)
26: (331, 94)
27: (333, 250)
28: (344, 178)
33: (407, 136)
35: (431, 316)
36: (438, 212)
37: (462, 161)
38: (466, 229)
41: (526, 315)
42: (542, 209)
46: (588, 458)
47: (604, 358)
48: (641, 75)
49: (651, 37)
==================EDGES=====================
(26, 120) -> (26, 71)
(26, 71) -> (34, 4)
(34, 4) -> (37, 175)
(37, 175) -> (51, 29)
(51, 29) -> (85, 237)
(85, 237) -> (97, 46)
(97, 46) -> (155, 71)
(155, 71) -> (176, 149)
(176, 149) -> (194, 275)
(194, 275) -> (220, 109)
(220, 109) -> (247, 126)
(247, 126) -> (309, 15)
(309, 15) -> (354, 168)
(354, 168) -> (358, 58)
(358, 58) -> (358, 16)
(358, 16) -> (362, 60)
(362, 60) -> (416, 143)
(416, 143) -> (472, 122)
(472, 122) -> (506, 176)
(506, 176) -> (547, 144)
(547, 144) -> (573, 113)
(573, 113) -> (588, 115)
(26, 120) -> (74, 373)
(74, 373) -> (139, 75)
(139, 75) -> (146, 147)
(146, 147) -> (168, 172)
(168, 172) -> (179, 194)
(179, 194) -> (182, 253)
(182, 253) -> (206, 332)
(206, 332) -> (267, 115)
(267, 115) -> (276, 122)
(276, 122) -> (304, 73)
(304, 73) -> (308, 32)
(308, 32) -> (309, 55)
(309, 55) -> (315, 172)
(315, 172) -> (331, 94)
(331, 94) -> (333, 250)
(333, 250) -> (344, 178)
(344, 178) -> (407, 136)
(407, 136) -> (431, 316)
(431, 316) -> (438, 212)
(438, 212) -> (462, 161)
(462, 161) -> (466, 229)
(466, 229) -> (526, 315)
(526, 315) -> (542, 209)
(542, 209) -> (588, 458)
(588, 458) -> (604, 358)
(604, 358) -> (641, 75)
(641, 75) -> (651, 37)
(651, 37) -> (588, 115)
