Vertices: 100
Top chain length: 53
Bottom chain length: 47
=============TOP CHAIN VERTICES=============
0: (19, 119)
1: (19, 68)
3: (53, 44)
4: (62, 222)
6: (125, 225)
8: (152, 182)
9: (189, 83)
12: (238, 188)
15: (274, 59)
18: (313, 14)
25: (422, 155)
26: (484, 29)
27: (486, 86)
29: (497, 227)
31: (539, 113)
32: (549, 137)
33: (557, 1)
35: (576, 104)
37: (597, 215)
38: (606, 186)
40: (645, 68)
42: (683, 66)
44: (707, 154)
45: (725, 144)
52: (807, 263)
54: (870, 233)
55: (887, 45)
60: (987, 152)
62: (1000, 196)
63: (1004, 44)
66: (1071, 63)
68: (1081, 166)
70: (1096, 125)
72: (1105, 269)
74: (1121, 108)
75: (1126, 4)
77: (1132, 41)
81: (1142, 312)
82: (1143, 51)
85: (1181, 102)
87: (1228, 41)
88: (1237, 217)
89: (1252, 309)
90: (1259, 100)
91: (1260, 144)
92: (1285, 291)
93: (1308, 224)
94: (1315, 23)
95: (1335, 236)
96: (1350, 22)
97: (1351, 145)
98: (1384, 15)
99: (1395, 164)
===========BOTTOM CHAIN VERTICES============
2: (42, 115)
5: (74, 293)
7: (143, 368)
10: (196, 167)
11: (216, 378)
13: (239, 228)
14: (264, 386)
16: (303, 117)
17: (311, 193)
19: (343, 225)
20: (346, 242)
21: (360, 287)
22: (383, 300)
23: (390, 297)
24: (413, 150)
28: (493, 337)
30: (517, 445)
34: (558, 159)
36: (579, 255)
39: (613, 224)
41: (661, 331)
43: (693, 158)
46: (731, 291)
47: (752, 231)
48: (758, 204)
49: (774, 433)
50: (784, 262)
51: (799, 296)
53: (852, 390)
56: (891, 82)
57: (919, 99)
58: (955, 216)
59: (970, 232)
61: (997, 346)
64: (1066, 304)
65: (1070, 131)
67: (1074, 148)
69: (1090, 200)
71: (1098, 226)
73: (1110, 368)
76: (1126, 59)
78: (1132, 90)
79: (1137, 232)
80: (1139, 250)
83: (1149, 518)
84: (1153, 115)
86: (1189, 441)
==================EDGES=====================
(19, 119) -> (19, 68)
(19, 68) -> (53, 44)
(53, 44) -> (62, 222)
(62, 222) -> (125, 225)
(125, 225) -> (152, 182)
(152, 182) -> (189, 83)
(189, 83) -> (238, 188)
(238, 188) -> (274, 59)
(274, 59) -> (313, 14)
(313, 14) -> (422, 155)
(422, 155) -> (484, 29)
(484, 29) -> (486, 86)
(486, 86) -> (497, 227)
(497, 227) -> (539, 113)
(539, 113) -> (549, 137)
(549, 137) -> (557, 1)
(557, 1) -> (576, 104)
(576, 104) -> (597, 215)
(597, 215) -> (606, 186)
(606, 186) -> (645, 68)
(645, 68) -> (683, 66)
(683, 66) -> (707, 154)
(707, 154) -> (725, 144)
(725, 144) -> (807, 263)
(807, 263) -> (870, 233)
(870, 233) -> (887, 45)
(887, 45) -> (987, 152)
(987, 152) -> (1000, 196)
(1000, 196) -> (1004, 44)
(1004, 44) -> (1071, 63)
(1071, 63) -> (1081, 166)
(1081, 166) -> (1096, 125)
(1096, 125) -> (1105, 269)
(1105, 269) -> (1121, 108)
(1121, 108) -> (1126, 4)
(1126, 4) -> (1132, 41)
(1132, 41) -> (1142, 312)
(1142, 312) -> (1143, 51)
(1143, 51) -> (1181, 102)
(1181, 102) -> (1228, 41)
(1228, 41) -> (1237, 217)
(1237, 217) -> (1252, 309)
(1252, 309) -> (1259, 100)
(1259, 100) -> (1260, 144)
(1260, 144) -> (1285, 291)
(1285, 291) -> (1308, 224)
(1308, 224) -> (1315, 23)
(1315, 23) -> (1335, 236)
(1335, 236) -> (1350, 22)
(1350, 22) -> (1351, 145)
(1351, 145) -> (1384, 15)
(1384, 15) -> (1395, 164)
(19, 119) -> (42, 115)
(42, 115) -> (74, 293)
(74, 293) -> (143, 368)
(143, 368) -> (196, 167)
(196, 167) -> (216, 378)
(216, 378) -> (239, 228)
(239, 228) -> (264, 386)
(264, 386) -> (303, 117)
(303, 117) -> (311, 193)
(311, 193) -> (343, 225)
(343, 225) -> (346, 242)
(346, 242) -> (360, 287)
(360, 287) -> (383, 300)
(383, 300) -> (390, 297)
(390, 297) -> (413, 150)
(413, 150) -> (493, 337)
(493, 337) -> (517, 445)
(517, 445) -> (558, 159)
(558, 159) -> (579, 255)
(579, 255) -> (613, 224)
(613, 224) -> (661, 331)
(661, 331) -> (693, 158)
(693, 158) -> (731, 291)
(731, 291) -> (752, 231)
(752, 231) -> (758, 204)
(758, 204) -> (774, 433)
(774, 433) -> (784, 262)
(784, 262) -> (799, 296)
(799, 296) -> (852, 390)
(852, 390) -> (891, 82)
(891, 82) -> (919, 99)
(919, 99) -> (955, 216)
(955, 216) -> (970, 232)
(970, 232) -> (997, 346)
(997, 346) -> (1066, 304)
(1066, 304) -> (1070, 131)
(1070, 131) -> (1074, 148)
(1074, 148) -> (1090, 200)
(1090, 200) -> (1098, 226)
(1098, 226) -> (1110, 368)
(1110, 368) -> (1126, 59)
(1126, 59) -> (1132, 90)
(1132, 90) -> (1137, 232)
(1137, 232) -> (1139, 250)
(1139, 250) -> (1149, 518)
(1149, 518) -> (1153, 115)
(1153, 115) -> (1189, 441)
(1189, 441) -> (1395, 164)
