Vertices: 50
Top chain length: 19
Bottom chain length: 31
=============TOP CHAIN VERTICES=============
0: (27, 286)
1: (27, 115)
2: (30, 24)
3: (38, 24)
5: (63, 86)
9: (115, 153)
10: (125, 119)
12: (177, 137)
15: (247, 326)
19: (307, 59)
22: (318, 217)
24: (325, 99)
26: (372, 140)
29: (477, 102)
31: (501, 24)
35: (620, 44)
38: (697, 2)
41: (801, 63)
43: (807, 25)
===========BOTTOM CHAIN VERTICES============
4: (42, 82)
6: (70, 122)
7: (77, 143)
8: (101, 136)
11: (146, 331)
13: (202, 233)
14: (222, 293)
16: (265, 360)
17: (273, 234)
18: (305, 76)
20: (311, 136)
21: (313, 162)
23: (319, 234)
25: (337, 142)
27: (401, 159)
28: (409, 177)
30: (500, 136)
32: (562, 148)
33: (573, 140)
34: (614, 146)
36: (662, 268)
37: (678, 88)
39: (740, 32)
40: (760, 66)
42: (802, 113)
44: (833, 168)
45: (844, 99)
46: (846, 62)
47: (855, 223)
48: (887, 75)
49: (925, 9)
==================EDGES=====================
(27, 286) -> (27, 115)
(27, 115) -> (30, 24)
(30, 24) -> (38, 24)
(38, 24) -> (63, 86)
(63, 86) -> (115, 153)
(115, 153) -> (125, 119)
(125, 119) -> (177, 137)
(177, 137) -> (247, 326)
(247, 326) -> (307, 59)
(307, 59) -> (318, 217)
(318, 217) -> (325, 99)
(325, 99) -> (372, 140)
(372, 140) -> (477, 102)
(477, 102) -> (501, 24)
(501, 24) -> (620, 44)
(620, 44) -> (697, 2)
(697, 2) -> (801, 63)
(801, 63) -> (807, 25)
(27, 286) -> (42, 82)
(42, 82) -> (70, 122)
(70, 122) -> (77, 143)
(77, 143) -> (101, 136)
(101, 136) -> (146, 331)
(146, 331) -> (202, 233)
(202, 233) -> (222, 293)
(222, 293) -> (265, 360)
(265, 360) -> (273, 234)
(273, 234) -> (305, 76)
(305, 76) -> (311, 136)
(311, 136) -> (313, 162)
(313, 162) -> (319, 234)
(319, 234) -> (337, 142)
(337, 142) -> (401, 159)
(401, 159) -> (409, 177)
(409, 177) -> (500, 136)
(500, 136) -> (562, 148)
(562, 148) -> (573, 140)
(573, 140) -> (614, 146)
(614, 146) -> (662, 268)
(662, 268) -> (678, 88)
(678, 88) -> (740, 32)
(740, 32) -> (760, 66)
(760, 66) -> (802, 113)
(802, 113) -> (833, 168)
(833, 168) -> (844, 99)
(844, 99) -> (846, 62)
(846, 62) -> (855, 223)
(855, 223) -> (887, 75)
(887, 75) -> (925, 9)
(925, 9) -> (807, 25)
