Vertices: 100
Top chain length: 38
Bottom chain length: 62
=============TOP CHAIN VERTICES=============
0: (7, 49)
1: (7, 6)
3: (21, 182)
6: (76, 0)
9: (106, 124)
10: (113, 53)
13: (206, 11)
17: (264, 183)
18: (279, 78)
19: (313, 36)
21: (340, 127)
23: (366, 121)
26: (418, 223)
29: (489, 106)
30: (526, 57)
34: (574, 284)
36: (593, 52)
37: (669, 168)
41: (708, 21)
43: (720, 32)
46: (730, 287)
49: (770, 89)
50: (771, 28)
56: (824, 20)
58: (825, 242)
60: (828, 149)
61: (881, 82)
62: (886, 64)
66: (920, 23)
67: (921, 174)
69: (979, 123)
74: (1076, 67)
75: (1088, 68)
80: (1140, 69)
83: (1170, 201)
84: (1179, 62)
86: (1184, 11)
87: (1189, 3)
===========BOTTOM CHAIN VERTICES============
2: (13, 184)
4: (25, 190)
5: (75, 42)
7: (86, 102)
8: (96, 178)
11: (127, 75)
12: (160, 61)
14: (217, 106)
15: (234, 200)
16: (259, 247)
20: (330, 131)
22: (356, 169)
24: (370, 183)
25: (386, 211)
27: (455, 341)
28: (473, 255)
31: (527, 130)
32: (546, 268)
33: (549, 170)
35: (585, 344)
38: (674, 174)
39: (680, 209)
40: (699, 72)
42: (718, 89)
44: (723, 115)
45: (726, 227)
47: (733, 418)
48: (753, 365)
51: (780, 140)
52: (802, 41)
53: (806, 122)
54: (808, 74)
55: (813, 119)
57: (824, 101)
59: (826, 391)
63: (894, 88)
64: (900, 131)
65: (919, 239)
68: (951, 195)
70: (1000, 190)
71: (1004, 373)
72: (1045, 150)
73: (1074, 135)
76: (1098, 184)
77: (1108, 85)
78: (1116, 150)
79: (1120, 158)
81: (1142, 254)
82: (1160, 166)
85: (1182, 298)
88: (1252, 296)
89: (1323, 72)
90: (1348, 68)
91: (1433, 42)
92: (1437, 212)
93: (1443, 183)
94: (1487, 203)
95: (1505, 232)
96: (1512, 139)
97: (1527, 37)
98: (1566, 92)
99: (1620, 15)
==================EDGES=====================
(7, 49) -> (7, 6)
(7, 6) -> (21, 182)
(21, 182) -> (76, 0)
(76, 0) -> (106, 124)
(106, 124) -> (113, 53)
(113, 53) -> (206, 11)
(206, 11) -> (264, 183)
(264, 183) -> (279, 78)
(279, 78) -> (313, 36)
(313, 36) -> (340, 127)
(340, 127) -> (366, 121)
(366, 121) -> (418, 223)
(418, 223) -> (489, 106)
(489, 106) -> (526, 57)
(526, 57) -> (574, 284)
(574, 284) -> (593, 52)
(593, 52) -> (669, 168)
(669, 168) -> (708, 21)
(708, 21) -> (720, 32)
(720, 32) -> (730, 287)
(730, 287) -> (770, 89)
(770, 89) -> (771, 28)
(771, 28) -> (824, 20)
(824, 20) -> (825, 242)
(825, 242) -> (828, 149)
(828, 149) -> (881, 82)
(881, 82) -> (886, 64)
(886, 64) -> (920, 23)
(920, 23) -> (921, 174)
(921, 174) -> (979, 123)
(979, 123) -> (1076, 67)
(1076, 67) -> (1088, 68)
(1088, 68) -> (1140, 69)
(1140, 69) -> (1170, 201)
(1170, 201) -> (1179, 62)
(1179, 62) -> (1184, 11)
(1184, 11) -> (1189, 3)
(7, 49) -> (13, 184)
(13, 184) -> (25, 190)
(25, 190) -> (75, 42)
(75, 42) -> (86, 102)
(86, 102) -> (96, 178)
(96, 178) -> (127, 75)
(127, 75) -> (160, 61)
(160, 61) -> (217, 106)
(217, 106) -> (234, 200)
(234, 200) -> (259, 247)
(259, 247) -> (330, 131)
(330, 131) -> (356, 169)
(356, 169) -> (370, 183)
(370, 183) -> (386, 211)
(386, 211) -> (455, 341)
(455, 341) -> (473, 255)
(473, 255) -> (527, 130)
(527, 130) -> (546, 268)
(546, 268) -> (549, 170)
(549, 170) -> (585, 344)
(585, 344) -> (674, 174)
(674, 174) -> (680, 209)
(680, 209) -> (699, 72)
(699, 72) -> (718, 89)
(718, 89) -> (723, 115)
(723, 115) -> (726, 227)
(726, 227) -> (733, 418)
(733, 418) -> (753, 365)
(753, 365) -> (780, 140)
(780, 140) -> (802, 41)
(802, 41) -> (806, 122)
(806, 122) -> (808, 74)
(808, 74) -> (813, 119)
(813, 119) -> (824, 101)
(824, 101) -> (826, 391)
(826, 391) -> (894, 88)
(894, 88) -> (900, 131)
(900, 131) -> (919, 239)
(919, 239) -> (951, 195)
(951, 195) -> (1000, 190)
(1000, 190) -> (1004, 373)
(1004, 373) -> (1045, 150)
(1045, 150) -> (1074, 135)
(1074, 135) -> (1098, 184)
(1098, 184) -> (1108, 85)
(1108, 85) -> (1116, 150)
(1116, 150) -> (1120, 158)
(1120, 158) -> (1142, 254)
(1142, 254) -> (1160, 166)
(1160, 166) -> (1182, 298)
(1182, 298) -> (1252, 296)
(1252, 296) -> (1323, 72)
(1323, 72) -> (1348, 68)
(1348, 68) -> (1433, 42)
(1433, 42) -> (1437, 212)
(1437, 212) -> (1443, 183)
(1443, 183) -> (1487, 203)
(1487, 203) -> (1505, 232)
(1505, 232) -> (1512, 139)
(1512, 139) -> (1527, 37)
(1527, 37) -> (1566, 92)
(1566, 92) -> (1620, 15)
(1620, 15) -> (1189, 3)
