Vertices: 100
Top chain length: 62
Bottom chain length: 38
=============TOP CHAIN VERTICES=============
0: (87, 202)
1: (87, 176)
4: (104, 191)
9: (223, 189)
10: (226, 186)
11: (235, 187)
12: (276, 64)
13: (286, 301)
15: (297, 122)
16: (312, 136)
20: (359, 94)
25: (421, 107)
30: (519, 107)
33: (547, 7)
34: (579, 21)
37: (610, 233)
40: (666, 209)
41: (683, 60)
44: (738, 113)
47: (804, 41)
50: (833, 84)
55: (883, 163)
59: (957, 1)
60: (968, 44)
62: (1029, 185)
63: (1060, 25)
64: (1110, 18)
65: (1169, 232)
66: (1199, 91)
67: (1260, 90)
68: (1277, 150)
69: (1300, 32)
70: (1313, 323)
71: (1408, 224)
72: (1416, 305)
73: (1425, 41)
74: (1439, 340)
75: (1442, 144)
76: (1468, 16)
77: (1518, 23)
78: (1541, 50)
79: (1576, 191)
80: (1592, 92)
81: (1658, 68)
82: (1664, 1)
83: (1691, 106)
84: (1692, 64)
85: (1719, 174)
86: (1753, 171)
87: (1759, 66)
88: (1765, 65)
89: (1858, 24)
90: (1859, 152)
91: (1867, 215)
92: (1909, 97)
93: (1925, 258)
94: (2003, 255)
95: (2096, 100)
96: (2130, 39)
97: (2164, 42)
98: (2200, 168)
99: (2263, 197)
===========BOTTOM CHAIN VERTICES============
2: (94, 306)
3: (100, 279)
5: (121, 235)
6: (146, 270)
7: (201, 294)
8: (204, 200)
14: (289, 485)
17: (339, 126)
18: (342, 237)
19: (344, 250)
21: (372, 188)
22: (375, 181)
23: (385, 178)
24: (417, 241)
26: (441, 130)
27: (447, 125)
28: (507, 244)
29: (510, 226)
31: (519, 161)
32: (544, 121)
35: (590, 209)
36: (608, 258)
38: (634, 246)
39: (650, 221)
42: (698, 239)
43: (737, 146)
45: (760, 162)
46: (783, 238)
48: (813, 67)
49: (826, 201)
51: (837, 515)
52: (850, 368)
53: (857, 301)
54: (860, 143)
56: (883, 249)
57: (890, 257)
58: (947, 115)
61: (984, 510)
==================EDGES=====================
(87, 202) -> (87, 176)
(87, 176) -> (104, 191)
(104, 191) -> (223, 189)
(223, 189) -> (226, 186)
(226, 186) -> (235, 187)
(235, 187) -> (276, 64)
(276, 64) -> (286, 301)
(286, 301) -> (297, 122)
(297, 122) -> (312, 136)
(312, 136) -> (359, 94)
(359, 94) -> (421, 107)
(421, 107) -> (519, 107)
(519, 107) -> (547, 7)
(547, 7) -> (579, 21)
(579, 21) -> (610, 233)
(610, 233) -> (666, 209)
(666, 209) -> (683, 60)
(683, 60) -> (738, 113)
(738, 113) -> (804, 41)
(804, 41) -> (833, 84)
(833, 84) -> (883, 163)
(883, 163) -> (957, 1)
(957, 1) -> (968, 44)
(968, 44) -> (1029, 185)
(1029, 185) -> (1060, 25)
(1060, 25) -> (1110, 18)
(1110, 18) -> (1169, 232)
(1169, 232) -> (1199, 91)
(1199, 91) -> (1260, 90)
(1260, 90) -> (1277, 150)
(1277, 150) -> (1300, 32)
(1300, 32) -> (1313, 323)
(1313, 323) -> (1408, 224)
(1408, 224) -> (1416, 305)
(1416, 305) -> (1425, 41)
(1425, 41) -> (1439, 340)
(1439, 340) -> (1442, 144)
(1442, 144) -> (1468, 16)
(1468, 16) -> (1518, 23)
(1518, 23) -> (1541, 50)
(1541, 50) -> (1576, 191)
(1576, 191) -> (1592, 92)
(1592, 92) -> (1658, 68)
(1658, 68) -> (1664, 1)
(1664, 1) -> (1691, 106)
(1691, 106) -> (1692, 64)
(1692, 64) -> (1719, 174)
(1719, 174) -> (1753, 171)
(1753, 171) -> (1759, 66)
(1759, 66) -> (1765, 65)
(1765, 65) -> (1858, 24)
(1858, 24) -> (1859, 152)
(1859, 152) -> (1867, 215)
(1867, 215) -> (1909, 97)
(1909, 97) -> (1925, 258)
(1925, 258) -> (2003, 255)
(2003, 255) -> (2096, 100)
(2096, 100) -> (2130, 39)
(2130, 39) -> (2164, 42)
(2164, 42) -> (2200, 168)
(2200, 168) -> (2263, 197)
(87, 202) -> (94, 306)
(94, 306) -> (100, 279)
(100, 279) -> (121, 235)
(121, 235) -> (146, 270)
(146, 270) -> (201, 294)
(201, 294) -> (204, 200)
(204, 200) -> (289, 485)
(289, 485) -> (339, 126)
(339, 126) -> (342, 237)
(342, 237) -> (344, 250)
(344, 250) -> (372, 188)
(372, 188) -> (375, 181)
(375, 181) -> (385, 178)
(385, 178) -> (417, 241)
(417, 241) -> (441, 130)
(441, 130) -> (447, 125)
(447, 125) -> (507, 244)
(507, 244) -> (510, 226)
(510, 226) -> (519, 161)
(519, 161) -> (544, 121)
(544, 121) -> (590, 209)
(590, 209) -> (608, 258)
(608, 258) -> (634, 246)
(634, 246) -> (650, 221)
(650, 221) -> (698, 239)
(698, 239) -> (737, 146)
(737, 146) -> (760, 162)
(760, 162) -> (783, 238)
(783, 238) -> (813, 67)
(813, 67) -> (826, 201)
(826, 201) -> (837, 515)
(837, 515) -> (850, 368)
(850, 368) -> (857, 301)
(857, 301) -> (860, 143)
(860, 143) -> (883, 249)
(883, 249) -> (890, 257)
(890, 257) -> (947, 115)
(947, 115) -> (984, 510)
(984, 510) -> (2263, 197)
