Vertices: 100
Top chain length: 51
Bottom chain length: 49
=============TOP CHAIN VERTICES=============
0: (47, 367)
1: (47, 78)
8: (108, 205)
9: (115, 103)
11: (157, 132)
12: (184, 114)
13: (191, 98)
15: (228, 233)
17: (250, 162)
19: (283, 264)
23: (347, 61)
25: (356, 175)
26: (387, 72)
31: (494, 16)
32: (507, 149)
34: (607, 0)
37: (658, 35)
41: (686, 93)
43: (693, 368)
45: (722, 162)
49: (762, 180)
52: (809, 198)
53: (852, 62)
54: (891, 34)
55: (896, 138)
57: (918, 107)
59: (959, 72)
61: (1003, 240)
63: (1057, 72)
66: (1075, 251)
67: (1078, 182)
69: (1107, 85)
70: (1127, 24)
73: (1141, 257)
77: (1223, 248)
78: (1263, 115)
80: (1301, 227)
81: (1323, 38)
82: (1330, 85)
85: (1392, 92)
86: (1395, 74)
89: (1449, 6)
91: (1594, 135)
92: (1648, 100)
93: (1657, 69)
94: (1683, 204)
95: (1726, 64)
96: (1726, 32)
97: (1748, 34)
98: (1815, 49)
99: (1828, 43)
===========BOTTOM CHAIN VERTICES============
2: (57, 284)
3: (69, 137)
4: (81, 176)
5: (88, 214)
6: (91, 185)
7: (102, 249)
10: (123, 214)
14: (206, 228)
16: (232, 306)
18: (266, 249)
20: (320, 377)
21: (337, 135)
22: (342, 100)
24: (348, 250)
27: (390, 158)
28: (397, 86)
29: (475, 77)
30: (479, 133)
33: (515, 194)
35: (615, 66)
36: (630, 65)
38: (667, 184)
39: (672, 204)
40: (681, 144)
42: (689, 218)
44: (694, 450)
46: (736, 186)
47: (748, 300)
48: (760, 297)
50: (767, 190)
51: (796, 229)
56: (896, 323)
58: (950, 91)
60: (991, 313)
62: (1054, 111)
64: (1057, 172)
65: (1062, 132)
68: (1091, 404)
71: (1127, 86)
72: (1132, 270)
74: (1162, 268)
75: (1165, 271)
76: (1206, 293)
79: (1265, 229)
83: (1353, 258)
84: (1372, 181)
87: (1427, 59)
88: (1444, 21)
90: (1525, 415)
==================EDGES=====================
(47, 367) -> (47, 78)
(47, 78) -> (108, 205)
(108, 205) -> (115, 103)
(115, 103) -> (157, 132)
(157, 132) -> (184, 114)
(184, 114) -> (191, 98)
(191, 98) -> (228, 233)
(228, 233) -> (250, 162)
(250, 162) -> (283, 264)
(283, 264) -> (347, 61)
(347, 61) -> (356, 175)
(356, 175) -> (387, 72)
(387, 72) -> (494, 16)
(494, 16) -> (507, 149)
(507, 149) -> (607, 0)
(607, 0) -> (658, 35)
(658, 35) -> (686, 93)
(686, 93) -> (693, 368)
(693, 368) -> (722, 162)
(722, 162) -> (762, 180)
(762, 180) -> (809, 198)
(809, 198) -> (852, 62)
(852, 62) -> (891, 34)
(891, 34) -> (896, 138)
(896, 138) -> (918, 107)
(918, 107) -> (959, 72)
(959, 72) -> (1003, 240)
(1003, 240) -> (1057, 72)
(1057, 72) -> (1075, 251)
(1075, 251) -> (1078, 182)
(1078, 182) -> (1107, 85)
(1107, 85) -> (1127, 24)
(1127, 24) -> (1141, 257)
(1141, 257) -> (1223, 248)
(1223, 248) -> (1263, 115)
(1263, 115) -> (1301, 227)
(1301, 227) -> (1323, 38)
(1323, 38) -> (1330, 85)
(1330, 85) -> (1392, 92)
(1392, 92) -> (1395, 74)
(1395, 74) -> (1449, 6)
(1449, 6) -> (1594, 135)
(1594, 135) -> (1648, 100)
(1648, 100) -> (1657, 69)
(1657, 69) -> (1683, 204)
(1683, 204) -> (1726, 64)
(1726, 64) -> (1726, 32)
(1726, 32) -> (1748, 34)
(1748, 34) -> (1815, 49)
(1815, 49) -> (1828, 43)
(47, 367) -> (57, 284)
(57, 284) -> (69, 137)
(69, 137) -> (81, 176)
(81, 176) -> (88, 214)
(88, 214) -> (91, 185)
(91, 185) -> (102, 249)
(102, 249) -> (123, 214)
(123, 214) -> (206, 228)
(206, 228) -> (232, 306)
(232, 306) -> (266, 249)
(266, 249) -> (320, 377)
(320, 377) -> (337, 135)
(337, 135) -> (342, 100)
(342, 100) -> (348, 250)
(348, 250) -> (390, 158)
(390, 158) -> (397, 86)
(397, 86) -> (475, 77)
(475, 77) -> (479, 133)
(479, 133) -> (515, 194)
(515, 194) -> (615, 66)
(615, 66) -> (630, 65)
(630, 65) -> (667, 184)
(667, 184) -> (672, 204)
(672, 204) -> (681, 144)
(681, 144) -> (689, 218)
(689, 218) -> (694, 450)
(694, 450) -> (736, 186)
(736, 186) -> (748, 300)
(748, 300) -> (760, 297)
(760, 297) -> (767, 190)
(767, 190) -> (796, 229)
(796, 229) -> (896, 323)
(896, 323) -> (950, 91)
(950, 91) -> (991, 313)
(991, 313) -> (1054, 111)
(1054, 111) -> (1057, 172)
(1057, 172) -> (1062, 132)
(1062, 132) -> (1091, 404)
(1091, 404) -> (1127, 86)
(1127, 86) -> (1132, 270)
(1132, 270) -> (1162, 268)
(1162, 268) -> (1165, 271)
(1165, 271) -> (1206, 293)
(1206, 293) -> (1265, 229)
(1265, 229) -> (1353, 258)
(1353, 258) -> (1372, 181)
(1372, 181) -> (1427, 59)
(1427, 59) -> (1444, 21)
(1444, 21) -> (1525, 415)
(1525, 415) -> (1828, 43)
