Vertices: 100
Top chain length: 59
Bottom chain length: 41
=============TOP CHAIN VERTICES=============
0: (64, 228)
1: (64, 186)
2: (71, 66)
6: (96, 214)
11: (188, 141)
12: (236, 117)
13: (240, 16)
15: (280, 176)
17: (290, 201)
18: (307, 138)
20: (327, 126)
21: (334, 107)
23: (397, 29)
24: (442, 100)
26: (453, 9)
29: (507, 198)
32: (558, 151)
34: (604, 81)
37: (617, 199)
41: (690, 158)
44: (715, 8)
46: (766, 42)
47: (785, 244)
49: (818, 15)
50: (829, 170)
53: (898, 133)
54: (928, 98)
56: (938, 3)
57: (940, 157)
59: (975, 198)
63: (1012, 214)
64: (1049, 257)
66: (1076, 25)
69: (1133, 38)
70: (1179, 125)
73: (1246, 64)
76: (1269, 152)
78: (1296, 284)
79: (1320, 111)
80: (1360, 55)
81: (1396, 36)
82: (1452, 18)
83: (1477, 312)
84: (1505, 212)
85: (1513, 10)
86: (1551, 10)
87: (1630, 121)
88: (1636, 62)
89: (1668, 126)
90: (1694, 307)
91: (1698, 149)
92: (1735, 62)
93: (1738, 258)
94: (1764, 36)
95: (1795, 125)
96: (1812, 44)
97: (1896, 110)
98: (1899, 35)
99: (1956, 183)
===========BOTTOM CHAIN VERTICES============
3: (80, 160)
4: (85, 157)
5: (93, 238)
7: (135, 243)
8: (141, 311)
9: (142, 220)
10: (169, 180)
14: (245, 215)
16: (286, 289)
19: (319, 207)
22: (379, 176)
25: (451, 200)
27: (480, 175)
28: (506, 201)
30: (522, 195)
31: (553, 160)
33: (562, 231)
35: (608, 140)
36: (616, 252)
38: (630, 197)
39: (655, 266)
40: (686, 209)
42: (694, 268)
43: (714, 60)
45: (748, 194)
48: (805, 370)
51: (837, 225)
52: (844, 185)
55: (933, 131)
58: (963, 303)
60: (987, 239)
61: (990, 293)
62: (994, 327)
65: (1053, 300)
67: (1107, 124)
68: (1126, 182)
71: (1188, 167)
72: (1214, 101)
74: (1255, 145)
75: (1268, 186)
77: (1284, 508)
==================EDGES=====================
(64, 228) -> (64, 186)
(64, 186) -> (71, 66)
(71, 66) -> (96, 214)
(96, 214) -> (188, 141)
(188, 141) -> (236, 117)
(236, 117) -> (240, 16)
(240, 16) -> (280, 176)
(280, 176) -> (290, 201)
(290, 201) -> (307, 138)
(307, 138) -> (327, 126)
(327, 126) -> (334, 107)
(334, 107) -> (397, 29)
(397, 29) -> (442, 100)
(442, 100) -> (453, 9)
(453, 9) -> (507, 198)
(507, 198) -> (558, 151)
(558, 151) -> (604, 81)
(604, 81) -> (617, 199)
(617, 199) -> (690, 158)
(690, 158) -> (715, 8)
(715, 8) -> (766, 42)
(766, 42) -> (785, 244)
(785, 244) -> (818, 15)
(818, 15) -> (829, 170)
(829, 170) -> (898, 133)
(898, 133) -> (928, 98)
(928, 98) -> (938, 3)
(938, 3) -> (940, 157)
(940, 157) -> (975, 198)
(975, 198) -> (1012, 214)
(1012, 214) -> (1049, 257)
(1049, 257) -> (1076, 25)
(1076, 25) -> (1133, 38)
(1133, 38) -> (1179, 125)
(1179, 125) -> (1246, 64)
(1246, 64) -> (1269, 152)
(1269, 152) -> (1296, 284)
(1296, 284) -> (1320, 111)
(1320, 111) -> (1360, 55)
(1360, 55) -> (1396, 36)
(1396, 36) -> (1452, 18)
(1452, 18) -> (1477, 312)
(1477, 312) -> (1505, 212)
(1505, 212) -> (1513, 10)
(1513, 10) -> (1551, 10)
(1551, 10) -> (1630, 121)
(1630, 121) -> (1636, 62)
(1636, 62) -> (1668, 126)
(1668, 126) -> (1694, 307)
(1694, 307) -> (1698, 149)
(1698, 149) -> (1735, 62)
(1735, 62) -> (1738, 258)
(1738, 258) -> (1764, 36)
(1764, 36) -> (1795, 125)
(1795, 125) -> (1812, 44)
(1812, 44) -> (1896, 110)
(1896, 110) -> (1899, 35)
(1899, 35) -> (1956, 183)
(64, 228) -> (80, 160)
(80, 160) -> (85, 157)
(85, 157) -> (93, 238)
(93, 238) -> (135, 243)
(135, 243) -> (141, 311)
(141, 311) -> (142, 220)
(142, 220) -> (169, 180)
(169, 180) -> (245, 215)
(245, 215) -> (286, 289)
(286, 289) -> (319, 207)
(319, 207) -> (379, 176)
(379, 176) -> (451, 200)
(451, 200) -> (480, 175)
(480, 175) -> (506, 201)
(506, 201) -> (522, 195)
(522, 195) -> (553, 160)
(553, 160) -> (562, 231)
(562, 231) -> (608, 140)
(608, 140) -> (616, 252)
(616, 252) -> (630, 197)
(630, 197) -> (655, 266)
(655, 266) -> (686, 209)
(686, 209) -> (694, 268)
(694, 268) -> (714, 60)
(714, 60) -> (748, 194)
(748, 194) -> (805, 370)
(805, 370) -> (837, 225)
(837, 225) -> (844, 185)
(844, 185) -> (933, 131)
(933, 131) -> (963, 303)
(963, 303) -> (987, 239)
(987, 239) -> (990, 293)
(990, 293) -> (994, 327)
(994, 327) -> (1053, 300)
(1053, 300) -> (1107, 124)
(1107, 124) -> (1126, 182)
(1126, 182) -> (1188, 167)
(1188, 167) -> (1214, 101)
(1214, 101) -> (1255, 145)
(1255, 145) -> (1268, 186)
(1268, 186) -> (1284, 508)
(1284, 508) -> (1956, 183)
