Vertices: 100
Top chain length: 66
Bottom chain length: 34
=============TOP CHAIN VERTICES=============
0: (6, 322)
1: (6, 102)
2: (19, 185)
3: (22, 238)
6: (112, 17)
7: (114, 22)
8: (120, 75)
10: (124, 43)
11: (132, 181)
13: (182, 168)
14: (203, 44)
18: (244, 145)
19: (249, 70)
22: (294, 117)
23: (322, 170)
24: (345, 10)
25: (346, 42)
27: (363, 146)
28: (377, 81)
29: (379, 64)
30: (382, 97)
32: (426, 94)
34: (433, 53)
38: (506, 130)
40: (561, 96)
43: (626, 59)
44: (640, 43)
47: (652, 3)
49: (691, 131)
52: (745, 54)
53: (747, 161)
54: (769, 150)
57: (823, 238)
58: (832, 9)
59: (855, 43)
61: (866, 189)
64: (905, 135)
67: (994, 20)
70: (1041, 228)
72: (1093, 87)
73: (1098, 142)
75: (1180, 141)
76: (1195, 18)
77: (1290, 64)
78: (1351, 27)
79: (1388, 173)
80: (1467, 202)
81: (1507, 98)
82: (1565, 112)
83: (1618, 45)
84: (1648, 90)
85: (1688, 134)
86: (1694, 18)
87: (1767, 130)
88: (1781, 72)
89: (1799, 49)
90: (1799, 45)
91: (1829, 127)
92: (1834, 158)
93: (1860, 52)
94: (1932, 152)
95: (2001, 131)
96: (2034, 34)
97: (2073, 25)
98: (2104, 77)
99: (2148, 105)
===========BOTTOM CHAIN VERTICES============
4: (35, 315)
5: (104, 280)
9: (123, 278)
12: (149, 279)
15: (204, 255)
16: (207, 193)
17: (215, 119)
20: (261, 223)
21: (289, 198)
26: (354, 167)
31: (397, 166)
33: (430, 140)
35: (488, 118)
36: (494, 133)
37: (503, 214)
39: (553, 172)
41: (582, 339)
42: (593, 111)
45: (641, 102)
46: (646, 214)
48: (666, 114)
50: (711, 198)
51: (733, 253)
55: (770, 176)
56: (817, 325)
60: (858, 115)
62: (866, 205)
63: (880, 286)
65: (916, 165)
66: (954, 151)
68: (1009, 201)
69: (1030, 245)
71: (1088, 204)
74: (1161, 378)
==================EDGES=====================
(6, 322) -> (6, 102)
(6, 102) -> (19, 185)
(19, 185) -> (22, 238)
(22, 238) -> (112, 17)
(112, 17) -> (114, 22)
(114, 22) -> (120, 75)
(120, 75) -> (124, 43)
(124, 43) -> (132, 181)
(132, 181) -> (182, 168)
(182, 168) -> (203, 44)
(203, 44) -> (244, 145)
(244, 145) -> (249, 70)
(249, 70) -> (294, 117)
(294, 117) -> (322, 170)
(322, 170) -> (345, 10)
(345, 10) -> (346, 42)
(346, 42) -> (363, 146)
(363, 146) -> (377, 81)
(377, 81) -> (379, 64)
(379, 64) -> (382, 97)
(382, 97) -> (426, 94)
(426, 94) -> (433, 53)
(433, 53) -> (506, 130)
(506, 130) -> (561, 96)
(561, 96) -> (626, 59)
(626, 59) -> (640, 43)
(640, 43) -> (652, 3)
(652, 3) -> (691, 131)
(691, 131) -> (745, 54)
(745, 54) -> (747, 161)
(747, 161) -> (769, 150)
(769, 150) -> (823, 238)
(823, 238) -> (832, 9)
(832, 9) -> (855, 43)
(855, 43) -> (866, 189)
(866, 189) -> (905, 135)
(905, 135) -> (994, 20)
(994, 20) -> (1041, 228)
(1041, 228) -> (1093, 87)
(1093, 87) -> (1098, 142)
(1098, 142) -> (1180, 141)
(1180, 141) -> (1195, 18)
(1195, 18) -> (1290, 64)
(1290, 64) -> (1351, 27)
(1351, 27) -> (1388, 173)
(1388, 173) -> (1467, 202)
(1467, 202) -> (1507, 98)
(1507, 98) -> (1565, 112)
(1565, 112) -> (1618, 45)
(1618, 45) -> (1648, 90)
(1648, 90) -> (1688, 134)
(1688, 134) -> (1694, 18)
(1694, 18) -> (1767, 130)
(1767, 130) -> (1781, 72)
(1781, 72) -> (1799, 49)
(1799, 49) -> (1799, 45)
(1799, 45) -> (1829, 127)
(1829, 127) -> (1834, 158)
(1834, 158) -> (1860, 52)
(1860, 52) -> (1932, 152)
(1932, 152) -> (2001, 131)
(2001, 131) -> (2034, 34)
(2034, 34) -> (2073, 25)
(2073, 25) -> (2104, 77)
(2104, 77) -> (2148, 105)
(6, 322) -> (35, 315)
(35, 315) -> (104, 280)
(104, 280) -> (123, 278)
(123, 278) -> (149, 279)
(149, 279) -> (204, 255)
(204, 255) -> (207, 193)
(207, 193) -> (215, 119)
(215, 119) -> (261, 223)
(261, 223) -> (289, 198)
(289, 198) -> (354, 167)
(354, 167) -> (397, 166)
(397, 166) -> (430, 140)
(430, 140) -> (488, 118)
(488, 118) -> (494, 133)
(494, 133) -> (503, 214)
(503, 214) -> (553, 172)
(553, 172) -> (582, 339)
(582, 339) -> (593, 111)
(593, 111) -> (641, 102)
(641, 102) -> (646, 214)
(646, 214) -> (666, 114)
(666, 114) -> (711, 198)
(711, 198) -> (733, 253)
(733, 253) -> (770, 176)
(770, 176) -> (817, 325)
(817, 325) -> (858, 115)
(858, 115) -> (866, 205)
(866, 205) -> (880, 286)
(880, 286) -> (916, 165)
(916, 165) -> (954, 151)
(954, 151) -> (1009, 201)
(1009, 201) -> (1030, 245)
(1030, 245) -> (1088, 204)
(1088, 204) -> (1161, 378)
(1161, 378) -> (2148, 105)
