Vertices: 100
Top chain length: 47
Bottom chain length: 53
=============TOP CHAIN VERTICES=============
0: (14, 205)
1: (14, 147)
3: (61, 123)
5: (115, 164)
9: (154, 89)
13: (238, 188)
17: (329, 148)
19: (345, 115)
20: (437, 43)
21: (450, 55)
23: (478, 56)
25: (529, 115)
27: (583, 152)
28: (584, 10)
30: (593, 265)
33: (661, 93)
35: (720, 78)
39: (767, 202)
40: (776, 107)
44: (801, 159)
47: (878, 52)
49: (915, 89)
51: (933, 304)
52: (960, 270)
54: (1030, 112)
55: (1035, 102)
57: (1057, 20)
58: (1062, 105)
60: (1089, 34)
63: (1179, 72)
65: (1218, 177)
67: (1234, 133)
69: (1261, 46)
71: (1304, 60)
72: (1314, 129)
73: (1334, 40)
76: (1375, 179)
78: (1389, 128)
83: (1444, 72)
84: (1445, 109)
85: (1453, 37)
88: (1535, 53)
89: (1536, 118)
92: (1562, 225)
94: (1629, 129)
96: (1648, 1)
98: (1700, 2)
===========BOTTOM CHAIN VERTICES============
2: (18, 228)
4: (92, 274)
6: (118, 302)
7: (145, 131)
8: (152, 178)
10: (170, 275)
11: (181, 175)
12: (203, 239)
14: (267, 197)
15: (272, 198)
16: (322, 254)
18: (338, 194)
22: (458, 155)
24: (483, 107)
26: (570, 165)
29: (589, 259)
31: (594, 336)
32: (659, 129)
34: (692, 128)
36: (720, 229)
37: (723, 242)
38: (753, 207)
41: (784, 227)
42: (785, 225)
43: (792, 156)
45: (853, 219)
46: (876, 55)
48: (900, 110)
50: (927, 373)
53: (972, 346)
56: (1039, 155)
59: (1083, 143)
61: (1122, 74)
62: (1172, 271)
64: (1183, 87)
66: (1232, 224)
68: (1237, 132)
70: (1276, 69)
74: (1335, 365)
75: (1352, 211)
77: (1385, 253)
79: (1390, 240)
80: (1396, 180)
81: (1405, 354)
82: (1409, 239)
86: (1456, 149)
87: (1507, 149)
90: (1548, 172)
91: (1559, 250)
93: (1592, 325)
95: (1641, 89)
97: (1689, 99)
99: (1714, 331)
==================EDGES=====================
(14, 205) -> (14, 147)
(14, 147) -> (61, 123)
(61, 123) -> (115, 164)
(115, 164) -> (154, 89)
(154, 89) -> (238, 188)
(238, 188) -> (329, 148)
(329, 148) -> (345, 115)
(345, 115) -> (437, 43)
(437, 43) -> (450, 55)
(450, 55) -> (478, 56)
(478, 56) -> (529, 115)
(529, 115) -> (583, 152)
(583, 152) -> (584, 10)
(584, 10) -> (593, 265)
(593, 265) -> (661, 93)
(661, 93) -> (720, 78)
(720, 78) -> (767, 202)
(767, 202) -> (776, 107)
(776, 107) -> (801, 159)
(801, 159) -> (878, 52)
(878, 52) -> (915, 89)
(915, 89) -> (933, 304)
(933, 304) -> (960, 270)
(960, 270) -> (1030, 112)
(1030, 112) -> (1035, 102)
(1035, 102) -> (1057, 20)
(1057, 20) -> (1062, 105)
(1062, 105) -> (1089, 34)
(1089, 34) -> (1179, 72)
(1179, 72) -> (1218, 177)
(1218, 177) -> (1234, 133)
(1234, 133) -> (1261, 46)
(1261, 46) -> (1304, 60)
(1304, 60) -> (1314, 129)
(1314, 129) -> (1334, 40)
(1334, 40) -> (1375, 179)
(1375, 179) -> (1389, 128)
(1389, 128) -> (1444, 72)
(1444, 72) -> (1445, 109)
(1445, 109) -> (1453, 37)
(1453, 37) -> (1535, 53)
(1535, 53) -> (1536, 118)
(1536, 118) -> (1562, 225)
(1562, 225) -> (1629, 129)
(1629, 129) -> (1648, 1)
(1648, 1) -> (1700, 2)
(14, 205) -> (18, 228)
(18, 228) -> (92, 274)
(92, 274) -> (118, 302)
(118, 302) -> (145, 131)
(145, 131) -> (152, 178)
(152, 178) -> (170, 275)
(170, 275) -> (181, 175)
(181, 175) -> (203, 239)
(203, 239) -> (267, 197)
(267, 197) -> (272, 198)
(272, 198) -> (322, 254)
(322, 254) -> (338, 194)
(338, 194) -> (458, 155)
(458, 155) -> (483, 107)
(483, 107) -> (570, 165)
(570, 165) -> (589, 259)
(589, 259) -> (594, 336)
(594, 336) -> (659, 129)
(659, 129) -> (692, 128)
(692, 128) -> (720, 229)
(720, 229) -> (723, 242)
(723, 242) -> (753, 207)
(753, 207) -> (784, 227)
(784, 227) -> (785, 225)
(785, 225) -> (792, 156)
(792, 156) -> (853, 219)
(853, 219) -> (876, 55)
(876, 55) -> (900, 110)
(900, 110) -> (927, 373)
(927, 373) -> (972, 346)
(972, 346) -> (1039, 155)
(1039, 155) -> (1083, 143)
(1083, 143) -> (1122, 74)
(1122, 74) -> (1172, 271)
(1172, 271) -> (1183, 87)
(1183, 87) -> (1232, 224)
(1232, 224) -> (1237, 132)
(1237, 132) -> (1276, 69)
(1276, 69) -> (1335, 365)
(1335, 365) -> (1352, 211)
(1352, 211) -> (1385, 253)
(1385, 253) -> (1390, 240)
(1390, 240) -> (1396, 180)
(1396, 180) -> (1405, 354)
(1405, 354) -> (1409, 239)
(1409, 239) -> (1456, 149)
(1456, 149) -> (1507, 149)
(1507, 149) -> (1548, 172)
(1548, 172) -> (1559, 250)
(1559, 250) -> (1592, 325)
(1592, 325) -> (1641, 89)
(1641, 89) -> (1689, 99)
(1689, 99) -> (1714, 331)
(1714, 331) -> (1700, 2)
