Vertices: 100
Top chain length: 49
Bottom chain length: 51
=============TOP CHAIN VERTICES=============
0: (81, 68)
1: (81, 8)
3: (110, 11)
5: (161, 150)
9: (222, 50)
11: (268, 109)
14: (322, 36)
16: (348, 53)
17: (395, 84)
21: (452, 80)
24: (490, 200)
26: (502, 232)
28: (511, 122)
29: (554, 68)
31: (610, 163)
36: (719, 199)
37: (736, 109)
39: (786, 126)
40: (794, 2)
44: (868, 174)
47: (974, 109)
48: (1018, 151)
51: (1064, 81)
52: (1069, 71)
56: (1169, 30)
57: (1190, 41)
60: (1273, 34)
62: (1308, 103)
63: (1312, 81)
65: (1320, 61)
67: (1323, 200)
69: (1342, 227)
70: (1343, 49)
72: (1428, 36)
74: (1453, 50)
77: (1495, 42)
78: (1512, 60)
80: (1519, 130)
81: (1535, 171)
83: (1603, 22)
87: (1664, 21)
90: (1714, 124)
91: (1733, 45)
93: (1738, 23)
94: (1758, 67)
95: (1803, 70)
96: (1807, 49)
97: (1826, 88)
98: (1846, 63)
===========BOTTOM CHAIN VERTICES============
2: (86, 38)
4: (123, 306)
6: (174, 250)
7: (180, 193)
8: (217, 191)
10: (244, 217)
12: (279, 157)
13: (306, 81)
15: (338, 297)
18: (409, 129)
19: (417, 159)
20: (450, 132)
22: (458, 146)
23: (472, 199)
25: (491, 219)
27: (510, 299)
30: (590, 337)
32: (647, 206)
33: (664, 213)
34: (683, 356)
35: (706, 212)
38: (785, 153)
41: (795, 176)
42: (825, 132)
43: (858, 307)
45: (909, 183)
46: (936, 178)
49: (1027, 188)
50: (1056, 263)
53: (1107, 105)
54: (1150, 183)
55: (1153, 106)
58: (1204, 380)
59: (1270, 109)
61: (1289, 135)
64: (1313, 194)
66: (1322, 185)
68: (1328, 324)
71: (1405, 197)
73: (1435, 154)
75: (1479, 242)
76: (1484, 227)
79: (1514, 315)
82: (1578, 120)
84: (1608, 149)
85: (1639, 272)
86: (1644, 183)
88: (1664, 203)
89: (1712, 168)
92: (1733, 92)
99: (1855, 117)
==================EDGES=====================
(81, 68) -> (81, 8)
(81, 8) -> (110, 11)
(110, 11) -> (161, 150)
(161, 150) -> (222, 50)
(222, 50) -> (268, 109)
(268, 109) -> (322, 36)
(322, 36) -> (348, 53)
(348, 53) -> (395, 84)
(395, 84) -> (452, 80)
(452, 80) -> (490, 200)
(490, 200) -> (502, 232)
(502, 232) -> (511, 122)
(511, 122) -> (554, 68)
(554, 68) -> (610, 163)
(610, 163) -> (719, 199)
(719, 199) -> (736, 109)
(736, 109) -> (786, 126)
(786, 126) -> (794, 2)
(794, 2) -> (868, 174)
(868, 174) -> (974, 109)
(974, 109) -> (1018, 151)
(1018, 151) -> (1064, 81)
(1064, 81) -> (1069, 71)
(1069, 71) -> (1169, 30)
(1169, 30) -> (1190, 41)
(1190, 41) -> (1273, 34)
(1273, 34) -> (1308, 103)
(1308, 103) -> (1312, 81)
(1312, 81) -> (1320, 61)
(1320, 61) -> (1323, 200)
(1323, 200) -> (1342, 227)
(1342, 227) -> (1343, 49)
(1343, 49) -> (1428, 36)
(1428, 36) -> (1453, 50)
(1453, 50) -> (1495, 42)
(1495, 42) -> (1512, 60)
(1512, 60) -> (1519, 130)
(1519, 130) -> (1535, 171)
(1535, 171) -> (1603, 22)
(1603, 22) -> (1664, 21)
(1664, 21) -> (1714, 124)
(1714, 124) -> (1733, 45)
(1733, 45) -> (1738, 23)
(1738, 23) -> (1758, 67)
(1758, 67) -> (1803, 70)
(1803, 70) -> (1807, 49)
(1807, 49) -> (1826, 88)
(1826, 88) -> (1846, 63)
(81, 68) -> (86, 38)
(86, 38) -> (123, 306)
(123, 306) -> (174, 250)
(174, 250) -> (180, 193)
(180, 193) -> (217, 191)
(217, 191) -> (244, 217)
(244, 217) -> (279, 157)
(279, 157) -> (306, 81)
(306, 81) -> (338, 297)
(338, 297) -> (409, 129)
(409, 129) -> (417, 159)
(417, 159) -> (450, 132)
(450, 132) -> (458, 146)
(458, 146) -> (472, 199)
(472, 199) -> (491, 219)
(491, 219) -> (510, 299)
(510, 299) -> (590, 337)
(590, 337) -> (647, 206)
(647, 206) -> (664, 213)
(664, 213) -> (683, 356)
(683, 356) -> (706, 212)
(706, 212) -> (785, 153)
(785, 153) -> (795, 176)
(795, 176) -> (825, 132)
(825, 132) -> (858, 307)
(858, 307) -> (909, 183)
(909, 183) -> (936, 178)
(936, 178) -> (1027, 188)
(1027, 188) -> (1056, 263)
(1056, 263) -> (1107, 105)
(1107, 105) -> (1150, 183)
(1150, 183) -> (1153, 106)
(1153, 106) -> (1204, 380)
(1204, 380) -> (1270, 109)
(1270, 109) -> (1289, 135)
(1289, 135) -> (1313, 194)
(1313, 194) -> (1322, 185)
(1322, 185) -> (1328, 324)
(1328, 324) -> (1405, 197)
(1405, 197) -> (1435, 154)
(1435, 154) -> (1479, 242)
(1479, 242) -> (1484, 227)
(1484, 227) -> (1514, 315)
(1514, 315) -> (1578, 120)
(1578, 120) -> (1608, 149)
(1608, 149) -> (1639, 272)
(1639, 272) -> (1644, 183)
(1644, 183) -> (1664, 203)
(1664, 203) -> (1712, 168)
(1712, 168) -> (1733, 92)
(1733, 92) -> (1855, 117)
(1855, 117) -> (1846, 63)
