Vertices: 100
Top chain length: 48
Bottom chain length: 52
=============TOP CHAIN VERTICES=============
0: (96, 147)
1: (96, 59)
2: (127, 91)
4: (155, 135)
10: (209, 250)
13: (253, 27)
14: (269, 134)
16: (286, 188)
17: (308, 102)
18: (319, 122)
23: (362, 190)
27: (369, 370)
28: (383, 57)
30: (437, 216)
31: (443, 39)
34: (474, 190)
35: (478, 28)
38: (489, 235)
43: (504, 365)
44: (505, 120)
45: (508, 133)
46: (539, 308)
50: (677, 294)
53: (710, 175)
54: (712, 11)
56: (746, 4)
58: (758, 44)
59: (778, 165)
61: (803, 121)
62: (842, 112)
64: (882, 94)
67: (932, 65)
70: (946, 91)
71: (946, 239)
73: (1005, 15)
74: (1006, 206)
75: (1009, 20)
80: (1058, 72)
86: (1094, 414)
88: (1099, 273)
89: (1114, 172)
92: (1205, 44)
93: (1233, 188)
95: (1293, 216)
96: (1317, 105)
97: (1318, 146)
98: (1321, 135)
99: (1331, 153)
===========BOTTOM CHAIN VERTICES============
3: (130, 109)
5: (159, 216)
6: (161, 151)
7: (179, 253)
8: (183, 244)
9: (198, 230)
11: (211, 257)
12: (230, 154)
15: (284, 251)
19: (334, 214)
20: (339, 191)
21: (350, 179)
22: (359, 318)
24: (362, 191)
25: (364, 255)
26: (366, 423)
29: (429, 319)
32: (453, 130)
33: (473, 209)
36: (486, 184)
37: (488, 368)
39: (489, 275)
40: (494, 406)
41: (500, 357)
42: (502, 389)
47: (541, 313)
48: (559, 335)
49: (605, 358)
51: (678, 309)
52: (698, 448)
55: (719, 21)
57: (751, 153)
60: (782, 174)
63: (853, 201)
65: (898, 243)
66: (904, 121)
68: (941, 101)
69: (944, 345)
72: (993, 111)
76: (1020, 341)
77: (1050, 132)
78: (1052, 164)
79: (1053, 291)
81: (1064, 166)
82: (1067, 277)
83: (1075, 240)
84: (1078, 349)
85: (1079, 340)
87: (1096, 487)
90: (1172, 334)
91: (1185, 260)
94: (1254, 403)
==================EDGES=====================
(96, 147) -> (96, 59)
(96, 59) -> (127, 91)
(127, 91) -> (155, 135)
(155, 135) -> (209, 250)
(209, 250) -> (253, 27)
(253, 27) -> (269, 134)
(269, 134) -> (286, 188)
(286, 188) -> (308, 102)
(308, 102) -> (319, 122)
(319, 122) -> (362, 190)
(362, 190) -> (369, 370)
(369, 370) -> (383, 57)
(383, 57) -> (437, 216)
(437, 216) -> (443, 39)
(443, 39) -> (474, 190)
(474, 190) -> (478, 28)
(478, 28) -> (489, 235)
(489, 235) -> (504, 365)
(504, 365) -> (505, 120)
(505, 120) -> (508, 133)
(508, 133) -> (539, 308)
(539, 308) -> (677, 294)
(677, 294) -> (710, 175)
(710, 175) -> (712, 11)
(712, 11) -> (746, 4)
(746, 4) -> (758, 44)
(758, 44) -> (778, 165)
(778, 165) -> (803, 121)
(803, 121) -> (842, 112)
(842, 112) -> (882, 94)
(882, 94) -> (932, 65)
(932, 65) -> (946, 91)
(946, 91) -> (946, 239)
(946, 239) -> (1005, 15)
(1005, 15) -> (1006, 206)
(1006, 206) -> (1009, 20)
(1009, 20) -> (1058, 72)
(1058, 72) -> (1094, 414)
(1094, 414) -> (1099, 273)
(1099, 273) -> (1114, 172)
(1114, 172) -> (1205, 44)
(1205, 44) -> (1233, 188)
(1233, 188) -> (1293, 216)
(1293, 216) -> (1317, 105)
(1317, 105) -> (1318, 146)
(1318, 146) -> (1321, 135)
(1321, 135) -> (1331, 153)
(96, 147) -> (130, 109)
(130, 109) -> (159, 216)
(159, 216) -> (161, 151)
(161, 151) -> (179, 253)
(179, 253) -> (183, 244)
(183, 244) -> (198, 230)
(198, 230) -> (211, 257)
(211, 257) -> (230, 154)
(230, 154) -> (284, 251)
(284, 251) -> (334, 214)
(334, 214) -> (339, 191)
(339, 191) -> (350, 179)
(350, 179) -> (359, 318)
(359, 318) -> (362, 191)
(362, 191) -> (364, 255)
(364, 255) -> (366, 423)
(366, 423) -> (429, 319)
(429, 319) -> (453, 130)
(453, 130) -> (473, 209)
(473, 209) -> (486, 184)
(486, 184) -> (488, 368)
(488, 368) -> (489, 275)
(489, 275) -> (494, 406)
(494, 406) -> (500, 357)
(500, 357) -> (502, 389)
(502, 389) -> (541, 313)
(541, 313) -> (559, 335)
(559, 335) -> (605, 358)
(605, 358) -> (678, 309)
(678, 309) -> (698, 448)
(698, 448) -> (719, 21)
(719, 21) -> (751, 153)
(751, 153) -> (782, 174)
(782, 174) -> (853, 201)
(853, 201) -> (898, 243)
(898, 243) -> (904, 121)
(904, 121) -> (941, 101)
(941, 101) -> (944, 345)
(944, 345) -> (993, 111)
(993, 111) -> (1020, 341)
(1020, 341) -> (1050, 132)
(1050, 132) -> (1052, 164)
(1052, 164) -> (1053, 291)
(1053, 291) -> (1064, 166)
(1064, 166) -> (1067, 277)
(1067, 277) -> (1075, 240)
(1075, 240) -> (1078, 349)
(1078, 349) -> (1079, 340)
(1079, 340) -> (1096, 487)
(1096, 487) -> (1172, 334)
(1172, 334) -> (1185, 260)
(1185, 260) -> (1254, 403)
(1254, 403) -> (1331, 153)
