Vertices: 50
Top chain length: 27
Bottom chain length: 23
=============TOP CHAIN VERTICES=============
0: (21, 279)
1: (21, 38)
4: (67, 74)
6: (95, 89)
8: (129, 92)
10: (149, 54)
11: (181, 47)
14: (201, 47)
18: (285, 162)
20: (327, 88)
25: (396, 136)
26: (403, 161)
29: (446, 92)
31: (456, 151)
35: (494, 85)
36: (500, 105)
38: (527, 327)
40: (552, 173)
41: (554, 39)
42: (563, 107)
43: (586, 37)
44: (639, 103)
45: (655, 86)
46: (666, 154)
47: (728, 70)
48: (765, 84)
49: (818, 58)
===========BOTTOM CHAIN VERTICES============
2: (46, 184)
3: (62, 134)
5: (85, 152)
7: (116, 138)
9: (139, 90)
12: (183, 194)
13: (190, 194)
15: (230, 185)
16: (233, 134)
17: (282, 168)
19: (303, 150)
21: (355, 167)
22: (361, 168)
23: (362, 405)
24: (369, 159)
27: (403, 255)
28: (445, 266)
30: (447, 215)
32: (476, 182)
33: (487, 136)
34: (492, 101)
37: (501, 168)
39: (538, 470)
==================EDGES=====================
(21, 279) -> (21, 38)
(21, 38) -> (67, 74)
(67, 74) -> (95, 89)
(95, 89) -> (129, 92)
(129, 92) -> (149, 54)
(149, 54) -> (181, 47)
(181, 47) -> (201, 47)
(201, 47) -> (285, 162)
(285, 162) -> (327, 88)
(327, 88) -> (396, 136)
(396, 136) -> (403, 161)
(403, 161) -> (446, 92)
(446, 92) -> (456, 151)
(456, 151) -> (494, 85)
(494, 85) -> (500, 105)
(500, 105) -> (527, 327)
(527, 327) -> (552, 173)
(552, 173) -> (554, 39)
(554, 39) -> (563, 107)
(563, 107) -> (586, 37)
(586, 37) -> (639, 103)
(639, 103) -> (655, 86)
(655, 86) -> (666, 154)
(666, 154) -> (728, 70)
(728, 70) -> (765, 84)
(765, 84) -> (818, 58)
(21, 279) -> (46, 184)
(46, 184) -> (62, 134)
(62, 134) -> (85, 152)
(85, 152) -> (116, 138)
(116, 138) -> (139, 90)
(139, 90) -> (183, 194)
(183, 194) -> (190, 194)
(190, 194) -> (230, 185)
(230, 185) -> (233, 134)
(233, 134) -> (282, 168)
(282, 168) -> (303, 150)
(303, 150) -> (355, 167)
(355, 167) -> (361, 168)
(361, 168) -> (362, 405)
(362, 405) -> (369, 159)
(369, 159) -> (403, 255)
(403, 255) -> (445, 266)
(445, 266) -> (447, 215)
(447, 215) -> (476, 182)
(476, 182) -> (487, 136)
(487, 136) -> (492, 101)
(492, 101) -> (501, 168)
(501, 168) -> (538, 470)
(538, 470) -> (818, 58)
