Vertices: 100
Top chain length: 45
Bottom chain length: 55
=============TOP CHAIN VERTICES=============
0: (12, 302)
1: (12, 45)
3: (88, 15)
6: (111, 87)
10: (143, 264)
11: (156, 120)
12: (160, 125)
15: (229, 67)
16: (232, 46)
18: (266, 26)
23: (333, 95)
27: (383, 127)
29: (399, 128)
32: (406, 278)
34: (454, 151)
36: (561, 24)
39: (610, 125)
40: (635, 128)
43: (665, 177)
44: (682, 51)
45: (690, 47)
48: (780, 68)
53: (797, 266)
55: (828, 52)
57: (904, 93)
61: (978, 79)
62: (1008, 65)
65: (1089, 75)
66: (1123, 96)
68: (1135, 47)
70: (1194, 5)
72: (1231, 234)
75: (1290, 193)
77: (1314, 206)
78: (1326, 37)
80: (1361, 36)
81: (1362, 17)
84: (1379, 64)
87: (1399, 273)
88: (1411, 3)
90: (1419, 53)
92: (1427, 221)
95: (1481, 22)
96: (1485, 133)
98: (1532, 130)
===========BOTTOM CHAIN VERTICES============
2: (46, 39)
4: (97, 123)
5: (102, 202)
7: (119, 170)
8: (129, 223)
9: (131, 232)
13: (172, 345)
14: (207, 237)
17: (259, 166)
19: (281, 49)
20: (299, 212)
21: (307, 162)
22: (330, 124)
24: (340, 212)
25: (350, 165)
26: (380, 297)
28: (396, 180)
30: (400, 235)
31: (405, 447)
33: (445, 239)
35: (510, 126)
37: (568, 60)
38: (575, 204)
41: (635, 207)
42: (641, 354)
46: (698, 188)
47: (762, 129)
49: (781, 365)
50: (784, 207)
51: (793, 263)
52: (796, 294)
54: (813, 222)
56: (861, 284)
58: (926, 96)
59: (947, 132)
60: (968, 129)
63: (1024, 357)
64: (1083, 114)
67: (1133, 192)
69: (1152, 99)
71: (1218, 166)
73: (1233, 260)
74: (1234, 291)
76: (1301, 282)
79: (1350, 88)
82: (1368, 47)
83: (1373, 55)
85: (1395, 251)
86: (1396, 371)
89: (1415, 128)
91: (1425, 245)
93: (1445, 307)
94: (1467, 143)
97: (1499, 223)
99: (1539, 367)
==================EDGES=====================
(12, 302) -> (12, 45)
(12, 45) -> (88, 15)
(88, 15) -> (111, 87)
(111, 87) -> (143, 264)
(143, 264) -> (156, 120)
(156, 120) -> (160, 125)
(160, 125) -> (229, 67)
(229, 67) -> (232, 46)
(232, 46) -> (266, 26)
(266, 26) -> (333, 95)
(333, 95) -> (383, 127)
(383, 127) -> (399, 128)
(399, 128) -> (406, 278)
(406, 278) -> (454, 151)
(454, 151) -> (561, 24)
(561, 24) -> (610, 125)
(610, 125) -> (635, 128)
(635, 128) -> (665, 177)
(665, 177) -> (682, 51)
(682, 51) -> (690, 47)
(690, 47) -> (780, 68)
(780, 68) -> (797, 266)
(797, 266) -> (828, 52)
(828, 52) -> (904, 93)
(904, 93) -> (978, 79)
(978, 79) -> (1008, 65)
(1008, 65) -> (1089, 75)
(1089, 75) -> (1123, 96)
(1123, 96) -> (1135, 47)
(1135, 47) -> (1194, 5)
(1194, 5) -> (1231, 234)
(1231, 234) -> (1290, 193)
(1290, 193) -> (1314, 206)
(1314, 206) -> (1326, 37)
(1326, 37) -> (1361, 36)
(1361, 36) -> (1362, 17)
(1362, 17) -> (1379, 64)
(1379, 64) -> (1399, 273)
(1399, 273) -> (1411, 3)
(1411, 3) -> (1419, 53)
(1419, 53) -> (1427, 221)
(1427, 221) -> (1481, 22)
(1481, 22) -> (1485, 133)
(1485, 133) -> (1532, 130)
(12, 302) -> (46, 39)
(46, 39) -> (97, 123)
(97, 123) -> (102, 202)
(102, 202) -> (119, 170)
(119, 170) -> (129, 223)
(129, 223) -> (131, 232)
(131, 232) -> (172, 345)
(172, 345) -> (207, 237)
(207, 237) -> (259, 166)
(259, 166) -> (281, 49)
(281, 49) -> (299, 212)
(299, 212) -> (307, 162)
(307, 162) -> (330, 124)
(330, 124) -> (340, 212)
(340, 212) -> (350, 165)
(350, 165) -> (380, 297)
(380, 297) -> (396, 180)
(396, 180) -> (400, 235)
(400, 235) -> (405, 447)
(405, 447) -> (445, 239)
(445, 239) -> (510, 126)
(510, 126) -> (568, 60)
(568, 60) -> (575, 204)
(575, 204) -> (635, 207)
(635, 207) -> (641, 354)
(641, 354) -> (698, 188)
(698, 188) -> (762, 129)
(762, 129) -> (781, 365)
(781, 365) -> (784, 207)
(784, 207) -> (793, 263)
(793, 263) -> (796, 294)
(796, 294) -> (813, 222)
(813, 222) -> (861, 284)
(861, 284) -> (926, 96)
(926, 96) -> (947, 132)
(947, 132) -> (968, 129)
(968, 129) -> (1024, 357)
(1024, 357) -> (1083, 114)
(1083, 114) -> (1133, 192)
(1133, 192) -> (1152, 99)
(1152, 99) -> (1218, 166)
(1218, 166) -> (1233, 260)
(1233, 260) -> (1234, 291)
(1234, 291) -> (1301, 282)
(1301, 282) -> (1350, 88)
(1350, 88) -> (1368, 47)
(1368, 47) -> (1373, 55)
(1373, 55) -> (1395, 251)
(1395, 251) -> (1396, 371)
(1396, 371) -> (1415, 128)
(1415, 128) -> (1425, 245)
(1425, 245) -> (1445, 307)
(1445, 307) -> (1467, 143)
(1467, 143) -> (1499, 223)
(1499, 223) -> (1539, 367)
(1539, 367) -> (1532, 130)
