Vertices: 100
Top chain length: 60
Bottom chain length: 40
=============TOP CHAIN VERTICES=============
0: (20, 350)
1: (20, 125)
2: (35, 20)
3: (44, 46)
5: (64, 143)
8: (130, 137)
11: (156, 113)
13: (178, 208)
14: (195, 149)
15: (203, 35)
16: (204, 139)
17: (206, 174)
19: (214, 213)
20: (215, 45)
21: (241, 38)
24: (287, 88)
27: (329, 170)
31: (366, 50)
34: (404, 303)
35: (410, 283)
36: (466, 121)
37: (468, 18)
39: (508, 57)
42: (532, 25)
43: (537, 182)
44: (559, 49)
48: (585, 12)
50: (606, 110)
51: (645, 50)
56: (704, 36)
58: (714, 235)
61: (729, 67)
62: (740, 26)
65: (770, 10)
67: (842, 37)
69: (860, 33)
72: (900, 71)
73: (942, 82)
75: (957, 89)
77: (992, 38)
80: (1072, 27)
81: (1123, 4)
82: (1179, 163)
83: (1227, 225)
84: (1290, 189)
85: (1295, 212)
86: (1334, 14)
87: (1422, 257)
88: (1440, 68)
89: (1443, 258)
90: (1449, 31)
91: (1497, 38)
92: (1543, 269)
93: (1610, 66)
94: (1627, 220)
95: (1649, 274)
96: (1652, 145)
97: (1696, 2)
98: (1756, 43)
99: (1760, 232)
===========BOTTOM CHAIN VERTICES============
4: (51, 245)
6: (83, 359)
7: (123, 138)
9: (140, 162)
10: (151, 186)
12: (166, 293)
18: (209, 265)
22: (245, 295)
23: (248, 159)
25: (309, 184)
26: (327, 255)
28: (356, 160)
29: (358, 77)
30: (361, 215)
32: (369, 90)
33: (381, 403)
38: (493, 131)
40: (508, 103)
41: (513, 316)
45: (570, 53)
46: (574, 56)
47: (582, 198)
49: (604, 179)
52: (648, 51)
53: (686, 149)
54: (696, 143)
55: (699, 63)
57: (708, 182)
59: (720, 298)
60: (722, 168)
63: (742, 147)
64: (769, 55)
66: (840, 172)
68: (848, 243)
70: (871, 213)
71: (878, 267)
74: (952, 184)
76: (984, 256)
78: (1028, 212)
79: (1065, 522)
==================EDGES=====================
(20, 350) -> (20, 125)
(20, 125) -> (35, 20)
(35, 20) -> (44, 46)
(44, 46) -> (64, 143)
(64, 143) -> (130, 137)
(130, 137) -> (156, 113)
(156, 113) -> (178, 208)
(178, 208) -> (195, 149)
(195, 149) -> (203, 35)
(203, 35) -> (204, 139)
(204, 139) -> (206, 174)
(206, 174) -> (214, 213)
(214, 213) -> (215, 45)
(215, 45) -> (241, 38)
(241, 38) -> (287, 88)
(287, 88) -> (329, 170)
(329, 170) -> (366, 50)
(366, 50) -> (404, 303)
(404, 303) -> (410, 283)
(410, 283) -> (466, 121)
(466, 121) -> (468, 18)
(468, 18) -> (508, 57)
(508, 57) -> (532, 25)
(532, 25) -> (537, 182)
(537, 182) -> (559, 49)
(559, 49) -> (585, 12)
(585, 12) -> (606, 110)
(606, 110) -> (645, 50)
(645, 50) -> (704, 36)
(704, 36) -> (714, 235)
(714, 235) -> (729, 67)
(729, 67) -> (740, 26)
(740, 26) -> (770, 10)
(770, 10) -> (842, 37)
(842, 37) -> (860, 33)
(860, 33) -> (900, 71)
(900, 71) -> (942, 82)
(942, 82) -> (957, 89)
(957, 89) -> (992, 38)
(992, 38) -> (1072, 27)
(1072, 27) -> (1123, 4)
(1123, 4) -> (1179, 163)
(1179, 163) -> (1227, 225)
(1227, 225) -> (1290, 189)
(1290, 189) -> (1295, 212)
(1295, 212) -> (1334, 14)
(1334, 14) -> (1422, 257)
(1422, 257) -> (1440, 68)
(1440, 68) -> (1443, 258)
(1443, 258) -> (1449, 31)
(1449, 31) -> (1497, 38)
(1497, 38) -> (1543, 269)
(1543, 269) -> (1610, 66)
(1610, 66) -> (1627, 220)
(1627, 220) -> (1649, 274)
(1649, 274) -> (1652, 145)
(1652, 145) -> (1696, 2)
(1696, 2) -> (1756, 43)
(1756, 43) -> (1760, 232)
(20, 350) -> (51, 245)
(51, 245) -> (83, 359)
(83, 359) -> (123, 138)
(123, 138) -> (140, 162)
(140, 162) -> (151, 186)
(151, 186) -> (166, 293)
(166, 293) -> (209, 265)
(209, 265) -> (245, 295)
(245, 295) -> (248, 159)
(248, 159) -> (309, 184)
(309, 184) -> (327, 255)
(327, 255) -> (356, 160)
(356, 160) -> (358, 77)
(358, 77) -> (361, 215)
(361, 215) -> (369, 90)
(369, 90) -> (381, 403)
(381, 403) -> (493, 131)
(493, 131) -> (508, 103)
(508, 103) -> (513, 316)
(513, 316) -> (570, 53)
(570, 53) -> (574, 56)
(574, 56) -> (582, 198)
(582, 198) -> (604, 179)
(604, 179) -> (648, 51)
(648, 51) -> (686, 149)
(686, 149) -> (696, 143)
(696, 143) -> (699, 63)
(699, 63) -> (708, 182)
(708, 182) -> (720, 298)
(720, 298) -> (722, 168)
(722, 168) -> (742, 147)
(742, 147) -> (769, 55)
(769, 55) -> (840, 172)
(840, 172) -> (848, 243)
(848, 243) -> (871, 213)
(871, 213) -> (878, 267)
(878, 267) -> (952, 184)
(952, 184) -> (984, 256)
(984, 256) -> (1028, 212)
(1028, 212) -> (1065, 522)
(1065, 522) -> (1760, 232)
