Vertices: 50
Top chain length: 29
Bottom chain length: 21
=============TOP CHAIN VERTICES=============
0: (8, 256)
1: (8, 74)
2: (23, 35)
6: (60, 134)
7: (67, 4)
9: (75, 64)
12: (117, 324)
13: (125, 173)
16: (197, 103)
20: (228, 8)
24: (306, 301)
26: (331, 128)
27: (333, 46)
28: (339, 202)
29: (367, 28)
31: (394, 118)
32: (399, 89)
34: (409, 71)
36: (445, 161)
38: (469, 18)
39: (476, 128)
40: (495, 30)
42: (525, 169)
43: (544, 62)
44: (566, 53)
45: (599, 28)
47: (633, 50)
48: (659, 20)
49: (688, 117)
===========BOTTOM CHAIN VERTICES============
3: (31, 98)
4: (51, 422)
5: (59, 223)
8: (74, 216)
10: (79, 138)
11: (110, 296)
14: (133, 540)
15: (161, 193)
17: (208, 108)
18: (224, 223)
19: (225, 27)
21: (240, 183)
22: (279, 265)
23: (285, 309)
25: (310, 376)
30: (389, 176)
33: (402, 345)
35: (412, 245)
37: (465, 293)
41: (505, 178)
46: (612, 150)
==================EDGES=====================
(8, 256) -> (8, 74)
(8, 74) -> (23, 35)
(23, 35) -> (60, 134)
(60, 134) -> (67, 4)
(67, 4) -> (75, 64)
(75, 64) -> (117, 324)
(117, 324) -> (125, 173)
(125, 173) -> (197, 103)
(197, 103) -> (228, 8)
(228, 8) -> (306, 301)
(306, 301) -> (331, 128)
(331, 128) -> (333, 46)
(333, 46) -> (339, 202)
(339, 202) -> (367, 28)
(367, 28) -> (394, 118)
(394, 118) -> (399, 89)
(399, 89) -> (409, 71)
(409, 71) -> (445, 161)
(445, 161) -> (469, 18)
(469, 18) -> (476, 128)
(476, 128) -> (495, 30)
(495, 30) -> (525, 169)
(525, 169) -> (544, 62)
(544, 62) -> (566, 53)
(566, 53) -> (599, 28)
(599, 28) -> (633, 50)
(633, 50) -> (659, 20)
(659, 20) -> (688, 117)
(8, 256) -> (31, 98)
(31, 98) -> (51, 422)
(51, 422) -> (59, 223)
(59, 223) -> (74, 216)
(74, 216) -> (79, 138)
(79, 138) -> (110, 296)
(110, 296) -> (133, 540)
(133, 540) -> (161, 193)
(161, 193) -> (208, 108)
(208, 108) -> (224, 223)
(224, 223) -> (225, 27)
(225, 27) -> (240, 183)
(240, 183) -> (279, 265)
(279, 265) -> (285, 309)
(285, 309) -> (310, 376)
(310, 376) -> (389, 176)
(389, 176) -> (402, 345)
(402, 345) -> (412, 245)
(412, 245) -> (465, 293)
(465, 293) -> (505, 178)
(505, 178) -> (612, 150)
(612, 150) -> (688, 117)
