Vertices: 100
Top chain length: 51
Bottom chain length: 49
=============TOP CHAIN VERTICES=============
0: (16, 202)
1: (16, 153)
2: (56, 101)
3: (75, 5)
4: (103, 7)
7: (120, 170)
10: (154, 260)
11: (163, 71)
12: (176, 64)
14: (226, 26)
17: (242, 180)
18: (250, 97)
20: (252, 175)
21: (276, 65)
24: (314, 105)
28: (372, 234)
29: (432, 73)
31: (464, 40)
33: (533, 151)
36: (574, 62)
38: (632, 243)
39: (654, 160)
40: (667, 210)
45: (743, 137)
47: (751, 212)
48: (780, 49)
54: (844, 342)
57: (894, 166)
59: (910, 311)
60: (910, 13)
65: (975, 167)
66: (1018, 218)
69: (1062, 121)
70: (1076, 57)
71: (1077, 105)
75: (1150, 47)
79: (1176, 194)
81: (1218, 362)
82: (1223, 13)
86: (1269, 54)
89: (1299, 44)
90: (1312, 19)
91: (1350, 179)
92: (1366, 48)
93: (1405, 263)
94: (1426, 31)
95: (1463, 199)
96: (1504, 41)
97: (1517, 46)
98: (1543, 73)
99: (1592, 119)
===========BOTTOM CHAIN VERTICES============
5: (110, 132)
6: (113, 159)
8: (128, 217)
9: (148, 290)
13: (197, 122)
15: (227, 104)
16: (229, 129)
19: (251, 254)
22: (291, 232)
23: (302, 156)
25: (314, 134)
26: (331, 238)
27: (355, 369)
30: (452, 138)
32: (503, 223)
34: (554, 126)
35: (567, 218)
37: (577, 253)
41: (684, 237)
42: (716, 259)
43: (721, 277)
44: (734, 216)
46: (745, 265)
49: (791, 151)
50: (803, 270)
51: (811, 206)
52: (828, 281)
53: (842, 458)
55: (844, 385)
56: (869, 262)
58: (897, 366)
61: (952, 376)
62: (960, 302)
63: (962, 263)
64: (972, 289)
67: (1041, 253)
68: (1053, 333)
72: (1106, 122)
73: (1135, 152)
74: (1148, 157)
76: (1150, 95)
77: (1156, 122)
78: (1159, 102)
80: (1184, 314)
83: (1223, 370)
84: (1228, 63)
85: (1248, 131)
87: (1271, 134)
88: (1273, 422)
==================EDGES=====================
(16, 202) -> (16, 153)
(16, 153) -> (56, 101)
(56, 101) -> (75, 5)
(75, 5) -> (103, 7)
(103, 7) -> (120, 170)
(120, 170) -> (154, 260)
(154, 260) -> (163, 71)
(163, 71) -> (176, 64)
(176, 64) -> (226, 26)
(226, 26) -> (242, 180)
(242, 180) -> (250, 97)
(250, 97) -> (252, 175)
(252, 175) -> (276, 65)
(276, 65) -> (314, 105)
(314, 105) -> (372, 234)
(372, 234) -> (432, 73)
(432, 73) -> (464, 40)
(464, 40) -> (533, 151)
(533, 151) -> (574, 62)
(574, 62) -> (632, 243)
(632, 243) -> (654, 160)
(654, 160) -> (667, 210)
(667, 210) -> (743, 137)
(743, 137) -> (751, 212)
(751, 212) -> (780, 49)
(780, 49) -> (844, 342)
(844, 342) -> (894, 166)
(894, 166) -> (910, 311)
(910, 311) -> (910, 13)
(910, 13) -> (975, 167)
(975, 167) -> (1018, 218)
(1018, 218) -> (1062, 121)
(1062, 121) -> (1076, 57)
(1076, 57) -> (1077, 105)
(1077, 105) -> (1150, 47)
(1150, 47) -> (1176, 194)
(1176, 194) -> (1218, 362)
(1218, 362) -> (1223, 13)
(1223, 13) -> (1269, 54)
(1269, 54) -> (1299, 44)
(1299, 44) -> (1312, 19)
(1312, 19) -> (1350, 179)
(1350, 179) -> (1366, 48)
(1366, 48) -> (1405, 263)
(1405, 263) -> (1426, 31)
(1426, 31) -> (1463, 199)
(1463, 199) -> (1504, 41)
(1504, 41) -> (1517, 46)
(1517, 46) -> (1543, 73)
(1543, 73) -> (1592, 119)
(16, 202) -> (110, 132)
(110, 132) -> (113, 159)
(113, 159) -> (128, 217)
(128, 217) -> (148, 290)
(148, 290) -> (197, 122)
(197, 122) -> (227, 104)
(227, 104) -> (229, 129)
(229, 129) -> (251, 254)
(251, 254) -> (291, 232)
(291, 232) -> (302, 156)
(302, 156) -> (314, 134)
(314, 134) -> (331, 238)
(331, 238) -> (355, 369)
(355, 369) -> (452, 138)
(452, 138) -> (503, 223)
(503, 223) -> (554, 126)
(554, 126) -> (567, 218)
(567, 218) -> (577, 253)
(577, 253) -> (684, 237)
(684, 237) -> (716, 259)
(716, 259) -> (721, 277)
(721, 277) -> (734, 216)
(734, 216) -> (745, 265)
(745, 265) -> (791, 151)
(791, 151) -> (803, 270)
(803, 270) -> (811, 206)
(811, 206) -> (828, 281)
(828, 281) -> (842, 458)
(842, 458) -> (844, 385)
(844, 385) -> (869, 262)
(869, 262) -> (897, 366)
(897, 366) -> (952, 376)
(952, 376) -> (960, 302)
(960, 302) -> (962, 263)
(962, 263) -> (972, 289)
(972, 289) -> (1041, 253)
(1041, 253) -> (1053, 333)
(1053, 333) -> (1106, 122)
(1106, 122) -> (1135, 152)
(1135, 152) -> (1148, 157)
(1148, 157) -> (1150, 95)
(1150, 95) -> (1156, 122)
(1156, 122) -> (1159, 102)
(1159, 102) -> (1184, 314)
(1184, 314) -> (1223, 370)
(1223, 370) -> (1228, 63)
(1228, 63) -> (1248, 131)
(1248, 131) -> (1271, 134)
(1271, 134) -> (1273, 422)
(1273, 422) -> (1592, 119)
