Vertices: 100
Top chain length: 45
Bottom chain length: 55
=============TOP CHAIN VERTICES=============
0: (10, 110)
1: (10, 91)
3: (75, 75)
5: (116, 28)
6: (161, 106)
8: (187, 27)
10: (249, 46)
12: (266, 154)
16: (320, 12)
18: (358, 162)
21: (397, 80)
23: (441, 162)
25: (507, 11)
27: (542, 93)
31: (572, 310)
33: (616, 86)
35: (643, 51)
41: (693, 58)
42: (710, 92)
45: (740, 152)
46: (770, 183)
49: (826, 47)
51: (860, 104)
54: (892, 257)
55: (931, 230)
60: (984, 18)
65: (996, 274)
66: (1035, 43)
68: (1051, 34)
70: (1053, 126)
72: (1099, 4)
76: (1139, 115)
78: (1160, 159)
79: (1179, 6)
82: (1212, 106)
83: (1220, 212)
85: (1256, 137)
86: (1264, 215)
87: (1322, 155)
90: (1361, 70)
92: (1375, 1)
93: (1377, 153)
94: (1396, 118)
97: (1437, 127)
98: (1451, 170)
===========BOTTOM CHAIN VERTICES============
2: (34, 196)
4: (114, 36)
7: (162, 131)
9: (242, 183)
11: (251, 155)
13: (279, 200)
14: (288, 258)
15: (316, 140)
17: (340, 152)
19: (387, 253)
20: (395, 223)
22: (422, 150)
24: (473, 270)
26: (537, 226)
28: (542, 142)
29: (562, 323)
30: (564, 265)
32: (576, 374)
34: (624, 261)
36: (656, 248)
37: (663, 88)
38: (664, 233)
39: (669, 120)
40: (691, 230)
43: (723, 162)
44: (733, 242)
47: (783, 329)
48: (825, 107)
50: (848, 323)
52: (869, 200)
53: (885, 282)
56: (947, 230)
57: (962, 234)
58: (969, 143)
59: (980, 104)
61: (985, 96)
62: (988, 165)
63: (989, 179)
64: (994, 344)
67: (1044, 106)
69: (1052, 206)
71: (1096, 63)
73: (1107, 132)
74: (1130, 148)
75: (1134, 270)
77: (1153, 215)
80: (1183, 47)
81: (1197, 215)
84: (1242, 306)
88: (1324, 166)
89: (1351, 118)
91: (1367, 229)
95: (1408, 209)
96: (1420, 258)
99: (1528, 43)
==================EDGES=====================
(10, 110) -> (10, 91)
(10, 91) -> (75, 75)
(75, 75) -> (116, 28)
(116, 28) -> (161, 106)
(161, 106) -> (187, 27)
(187, 27) -> (249, 46)
(249, 46) -> (266, 154)
(266, 154) -> (320, 12)
(320, 12) -> (358, 162)
(358, 162) -> (397, 80)
(397, 80) -> (441, 162)
(441, 162) -> (507, 11)
(507, 11) -> (542, 93)
(542, 93) -> (572, 310)
(572, 310) -> (616, 86)
(616, 86) -> (643, 51)
(643, 51) -> (693, 58)
(693, 58) -> (710, 92)
(710, 92) -> (740, 152)
(740, 152) -> (770, 183)
(770, 183) -> (826, 47)
(826, 47) -> (860, 104)
(860, 104) -> (892, 257)
(892, 257) -> (931, 230)
(931, 230) -> (984, 18)
(984, 18) -> (996, 274)
(996, 274) -> (1035, 43)
(1035, 43) -> (1051, 34)
(1051, 34) -> (1053, 126)
(1053, 126) -> (1099, 4)
(1099, 4) -> (1139, 115)
(1139, 115) -> (1160, 159)
(1160, 159) -> (1179, 6)
(1179, 6) -> (1212, 106)
(1212, 106) -> (1220, 212)
(1220, 212) -> (1256, 137)
(1256, 137) -> (1264, 215)
(1264, 215) -> (1322, 155)
(1322, 155) -> (1361, 70)
(1361, 70) -> (1375, 1)
(1375, 1) -> (1377, 153)
(1377, 153) -> (1396, 118)
(1396, 118) -> (1437, 127)
(1437, 127) -> (1451, 170)
(10, 110) -> (34, 196)
(34, 196) -> (114, 36)
(114, 36) -> (162, 131)
(162, 131) -> (242, 183)
(242, 183) -> (251, 155)
(251, 155) -> (279, 200)
(279, 200) -> (288, 258)
(288, 258) -> (316, 140)
(316, 140) -> (340, 152)
(340, 152) -> (387, 253)
(387, 253) -> (395, 223)
(395, 223) -> (422, 150)
(422, 150) -> (473, 270)
(473, 270) -> (537, 226)
(537, 226) -> (542, 142)
(542, 142) -> (562, 323)
(562, 323) -> (564, 265)
(564, 265) -> (576, 374)
(576, 374) -> (624, 261)
(624, 261) -> (656, 248)
(656, 248) -> (663, 88)
(663, 88) -> (664, 233)
(664, 233) -> (669, 120)
(669, 120) -> (691, 230)
(691, 230) -> (723, 162)
(723, 162) -> (733, 242)
(733, 242) -> (783, 329)
(783, 329) -> (825, 107)
(825, 107) -> (848, 323)
(848, 323) -> (869, 200)
(869, 200) -> (885, 282)
(885, 282) -> (947, 230)
(947, 230) -> (962, 234)
(962, 234) -> (969, 143)
(969, 143) -> (980, 104)
(980, 104) -> (985, 96)
(985, 96) -> (988, 165)
(988, 165) -> (989, 179)
(989, 179) -> (994, 344)
(994, 344) -> (1044, 106)
(1044, 106) -> (1052, 206)
(1052, 206) -> (1096, 63)
(1096, 63) -> (1107, 132)
(1107, 132) -> (1130, 148)
(1130, 148) -> (1134, 270)
(1134, 270) -> (1153, 215)
(1153, 215) -> (1183, 47)
(1183, 47) -> (1197, 215)
(1197, 215) -> (1242, 306)
(1242, 306) -> (1324, 166)
(1324, 166) -> (1351, 118)
(1351, 118) -> (1367, 229)
(1367, 229) -> (1408, 209)
(1408, 209) -> (1420, 258)
(1420, 258) -> (1528, 43)
(1528, 43) -> (1451, 170)
