Vertices: 100
Top chain length: 42
Bottom chain length: 58
=============TOP CHAIN VERTICES=============
0: (27, 144)
1: (27, 87)
3: (38, 73)
5: (43, 207)
11: (152, 10)
13: (178, 148)
17: (219, 78)
18: (232, 48)
20: (250, 96)
23: (312, 30)
24: (312, 133)
26: (332, 140)
28: (358, 67)
29: (405, 47)
31: (441, 43)
33: (474, 8)
34: (493, 80)
36: (499, 125)
37: (507, 36)
38: (509, 129)
42: (565, 51)
44: (571, 192)
46: (601, 3)
48: (636, 1)
50: (686, 49)
52: (709, 174)
57: (761, 245)
58: (806, 20)
60: (844, 106)
64: (897, 220)
68: (942, 20)
69: (960, 135)
72: (993, 136)
75: (1037, 68)
82: (1123, 162)
86: (1176, 199)
87: (1179, 170)
88: (1194, 10)
89: (1198, 61)
91: (1211, 70)
92: (1224, 234)
94: (1246, 82)
===========BOTTOM CHAIN VERTICES============
2: (33, 234)
4: (41, 164)
6: (43, 299)
7: (65, 331)
8: (86, 329)
9: (119, 78)
10: (132, 138)
12: (162, 90)
14: (184, 189)
15: (197, 222)
16: (200, 276)
19: (241, 268)
21: (271, 205)
22: (295, 64)
25: (317, 165)
27: (354, 185)
30: (416, 99)
32: (468, 51)
35: (493, 163)
39: (517, 123)
40: (554, 177)
41: (563, 125)
43: (566, 80)
45: (572, 418)
47: (615, 214)
49: (642, 162)
51: (694, 117)
53: (715, 380)
54: (736, 218)
55: (738, 254)
56: (739, 348)
59: (830, 107)
61: (847, 128)
62: (855, 369)
63: (856, 181)
65: (906, 335)
66: (928, 84)
67: (938, 89)
70: (965, 204)
71: (967, 221)
73: (1017, 209)
74: (1020, 125)
76: (1041, 96)
77: (1062, 150)
78: (1065, 242)
79: (1072, 278)
80: (1107, 206)
81: (1122, 339)
83: (1139, 241)
84: (1143, 188)
85: (1147, 342)
90: (1203, 85)
93: (1232, 298)
95: (1305, 69)
96: (1378, 309)
97: (1404, 111)
98: (1413, 10)
99: (1423, 4)
==================EDGES=====================
(27, 144) -> (27, 87)
(27, 87) -> (38, 73)
(38, 73) -> (43, 207)
(43, 207) -> (152, 10)
(152, 10) -> (178, 148)
(178, 148) -> (219, 78)
(219, 78) -> (232, 48)
(232, 48) -> (250, 96)
(250, 96) -> (312, 30)
(312, 30) -> (312, 133)
(312, 133) -> (332, 140)
(332, 140) -> (358, 67)
(358, 67) -> (405, 47)
(405, 47) -> (441, 43)
(441, 43) -> (474, 8)
(474, 8) -> (493, 80)
(493, 80) -> (499, 125)
(499, 125) -> (507, 36)
(507, 36) -> (509, 129)
(509, 129) -> (565, 51)
(565, 51) -> (571, 192)
(571, 192) -> (601, 3)
(601, 3) -> (636, 1)
(636, 1) -> (686, 49)
(686, 49) -> (709, 174)
(709, 174) -> (761, 245)
(761, 245) -> (806, 20)
(806, 20) -> (844, 106)
(844, 106) -> (897, 220)
(897, 220) -> (942, 20)
(942, 20) -> (960, 135)
(960, 135) -> (993, 136)
(993, 136) -> (1037, 68)
(1037, 68) -> (1123, 162)
(1123, 162) -> (1176, 199)
(1176, 199) -> (1179, 170)
(1179, 170) -> (1194, 10)
(1194, 10) -> (1198, 61)
(1198, 61) -> (1211, 70)
(1211, 70) -> (1224, 234)
(1224, 234) -> (1246, 82)
(27, 144) -> (33, 234)
(33, 234) -> (41, 164)
(41, 164) -> (43, 299)
(43, 299) -> (65, 331)
(65, 331) -> (86, 329)
(86, 329) -> (119, 78)
(119, 78) -> (132, 138)
(132, 138) -> (162, 90)
(162, 90) -> (184, 189)
(184, 189) -> (197, 222)
(197, 222) -> (200, 276)
(200, 276) -> (241, 268)
(241, 268) -> (271, 205)
(271, 205) -> (295, 64)
(295, 64) -> (317, 165)
(317, 165) -> (354, 185)
(354, 185) -> (416, 99)
(416, 99) -> (468, 51)
(468, 51) -> (493, 163)
(493, 163) -> (517, 123)
(517, 123) -> (554, 177)
(554, 177) -> (563, 125)
(563, 125) -> (566, 80)
(566, 80) -> (572, 418)
(572, 418) -> (615, 214)
(615, 214) -> (642, 162)
(642, 162) -> (694, 117)
(694, 117) -> (715, 380)
(715, 380) -> (736, 218)
(736, 218) -> (738, 254)
(738, 254) -> (739, 348)
(739, 348) -> (830, 107)
(830, 107) -> (847, 128)
(847, 128) -> (855, 369)
(855, 369) -> (856, 181)
(856, 181) -> (906, 335)
(906, 335) -> (928, 84)
(928, 84) -> (938, 89)
(938, 89) -> (965, 204)
(965, 204) -> (967, 221)
(967, 221) -> (1017, 209)
(1017, 209) -> (1020, 125)
(1020, 125) -> (1041, 96)
(1041, 96) -> (1062, 150)
(1062, 150) -> (1065, 242)
(1065, 242) -> (1072, 278)
(1072, 278) -> (1107, 206)
(1107, 206) -> (1122, 339)
(1122, 339) -> (1139, 241)
(1139, 241) -> (1143, 188)
(1143, 188) -> (1147, 342)
(1147, 342) -> (1203, 85)
(1203, 85) -> (1232, 298)
(1232, 298) -> (1305, 69)
(1305, 69) -> (1378, 309)
(1378, 309) -> (1404, 111)
(1404, 111) -> (1413, 10)
(1413, 10) -> (1423, 4)
(1423, 4) -> (1246, 82)
