Vertices: 100
Top chain length: 37
Bottom chain length: 63
=============TOP CHAIN VERTICES=============
0: (14, 210)
1: (14, 170)
3: (79, 35)
12: (104, 480)
13: (134, 354)
17: (184, 4)
18: (203, 150)
19: (208, 198)
20: (218, 115)
22: (235, 141)
24: (252, 101)
25: (264, 124)
28: (279, 314)
31: (312, 99)
32: (333, 195)
33: (334, 9)
36: (379, 62)
40: (462, 96)
46: (492, 349)
47: (504, 102)
49: (540, 111)
50: (585, 194)
51: (588, 154)
52: (609, 175)
57: (649, 232)
58: (663, 189)
59: (671, 54)
60: (685, 150)
61: (692, 22)
63: (715, 132)
67: (768, 311)
69: (793, 229)
70: (843, 6)
72: (880, 248)
74: (901, 66)
77: (958, 312)
80: (1020, 1)
===========BOTTOM CHAIN VERTICES============
2: (38, 132)
4: (79, 121)
5: (82, 357)
6: (84, 158)
7: (87, 311)
8: (90, 332)
9: (97, 420)
10: (98, 382)
11: (103, 500)
14: (150, 314)
15: (165, 264)
16: (180, 43)
21: (220, 343)
23: (247, 115)
26: (268, 216)
27: (269, 188)
29: (280, 504)
30: (304, 292)
34: (344, 198)
35: (349, 432)
37: (390, 170)
38: (398, 142)
39: (460, 314)
41: (466, 187)
42: (470, 242)
43: (472, 244)
44: (474, 287)
45: (478, 390)
48: (520, 287)
53: (614, 208)
54: (627, 211)
55: (633, 228)
56: (641, 356)
62: (707, 267)
64: (715, 136)
65: (741, 276)
66: (746, 257)
68: (769, 321)
71: (870, 398)
73: (890, 205)
75: (901, 196)
76: (952, 322)
78: (960, 322)
79: (998, 271)
81: (1022, 226)
82: (1057, 251)
83: (1069, 19)
84: (1087, 159)
85: (1125, 26)
86: (1142, 101)
87: (1205, 364)
88: (1271, 171)
89: (1279, 78)
90: (1311, 157)
91: (1379, 283)
92: (1417, 150)
93: (1419, 69)
94: (1421, 16)
95: (1457, 101)
96: (1509, 180)
97: (1525, 84)
98: (1528, 155)
99: (1543, 0)
==================EDGES=====================
(14, 210) -> (14, 170)
(14, 170) -> (79, 35)
(79, 35) -> (104, 480)
(104, 480) -> (134, 354)
(134, 354) -> (184, 4)
(184, 4) -> (203, 150)
(203, 150) -> (208, 198)
(208, 198) -> (218, 115)
(218, 115) -> (235, 141)
(235, 141) -> (252, 101)
(252, 101) -> (264, 124)
(264, 124) -> (279, 314)
(279, 314) -> (312, 99)
(312, 99) -> (333, 195)
(333, 195) -> (334, 9)
(334, 9) -> (379, 62)
(379, 62) -> (462, 96)
(462, 96) -> (492, 349)
(492, 349) -> (504, 102)
(504, 102) -> (540, 111)
(540, 111) -> (585, 194)
(585, 194) -> (588, 154)
(588, 154) -> (609, 175)
(609, 175) -> (649, 232)
(649, 232) -> (663, 189)
(663, 189) -> (671, 54)
(671, 54) -> (685, 150)
(685, 150) -> (692, 22)
(692, 22) -> (715, 132)
(715, 132) -> (768, 311)
(768, 311) -> (793, 229)
(793, 229) -> (843, 6)
(843, 6) -> (880, 248)
(880, 248) -> (901, 66)
(901, 66) -> (958, 312)
(958, 312) -> (1020, 1)
(14, 210) -> (38, 132)
(38, 132) -> (79, 121)
(79, 121) -> (82, 357)
(82, 357) -> (84, 158)
(84, 158) -> (87, 311)
(87, 311) -> (90, 332)
(90, 332) -> (97, 420)
(97, 420) -> (98, 382)
(98, 382) -> (103, 500)
(103, 500) -> (150, 314)
(150, 314) -> (165, 264)
(165, 264) -> (180, 43)
(180, 43) -> (220, 343)
(220, 343) -> (247, 115)
(247, 115) -> (268, 216)
(268, 216) -> (269, 188)
(269, 188) -> (280, 504)
(280, 504) -> (304, 292)
(304, 292) -> (344, 198)
(344, 198) -> (349, 432)
(349, 432) -> (390, 170)
(390, 170) -> (398, 142)
(398, 142) -> (460, 314)
(460, 314) -> (466, 187)
(466, 187) -> (470, 242)
(470, 242) -> (472, 244)
(472, 244) -> (474, 287)
(474, 287) -> (478, 390)
(478, 390) -> (520, 287)
(520, 287) -> (614, 208)
(614, 208) -> (627, 211)
(627, 211) -> (633, 228)
(633, 228) -> (641, 356)
(641, 356) -> (707, 267)
(707, 267) -> (715, 136)
(715, 136) -> (741, 276)
(741, 276) -> (746, 257)
(746, 257) -> (769, 321)
(769, 321) -> (870, 398)
(870, 398) -> (890, 205)
(890, 205) -> (901, 196)
(901, 196) -> (952, 322)
(952, 322) -> (960, 322)
(960, 322) -> (998, 271)
(998, 271) -> (1022, 226)
(1022, 226) -> (1057, 251)
(1057, 251) -> (1069, 19)
(1069, 19) -> (1087, 159)
(1087, 159) -> (1125, 26)
(1125, 26) -> (1142, 101)
(1142, 101) -> (1205, 364)
(1205, 364) -> (1271, 171)
(1271, 171) -> (1279, 78)
(1279, 78) -> (1311, 157)
(1311, 157) -> (1379, 283)
(1379, 283) -> (1417, 150)
(1417, 150) -> (1419, 69)
(1419, 69) -> (1421, 16)
(1421, 16) -> (1457, 101)
(1457, 101) -> (1509, 180)
(1509, 180) -> (1525, 84)
(1525, 84) -> (1528, 155)
(1528, 155) -> (1543, 0)
(1543, 0) -> (1020, 1)
