Vertices: 100
Top chain length: 49
Bottom chain length: 51
=============TOP CHAIN VERTICES=============
0: (17, 201)
1: (17, 120)
2: (20, 73)
5: (91, 337)
8: (168, 115)
10: (176, 123)
11: (177, 54)
12: (222, 97)
13: (235, 26)
16: (294, 65)
17: (326, 13)
18: (327, 48)
21: (342, 42)
23: (349, 164)
25: (369, 54)
29: (405, 104)
30: (422, 321)
34: (485, 45)
38: (529, 149)
42: (589, 91)
45: (616, 80)
48: (651, 107)
51: (707, 115)
53: (724, 7)
56: (756, 185)
57: (784, 156)
60: (843, 164)
64: (901, 125)
70: (921, 402)
71: (930, 111)
73: (944, 86)
75: (1009, 29)
76: (1022, 143)
79: (1047, 5)
84: (1152, 46)
85: (1162, 116)
87: (1196, 71)
88: (1310, 178)
89: (1321, 244)
90: (1356, 238)
91: (1371, 183)
92: (1397, 11)
93: (1422, 109)
94: (1476, 111)
95: (1503, 210)
96: (1577, 127)
97: (1604, 41)
98: (1687, 162)
99: (1780, 97)
===========BOTTOM CHAIN VERTICES============
3: (71, 290)
4: (79, 320)
6: (104, 385)
7: (113, 460)
9: (175, 129)
14: (241, 126)
15: (266, 123)
19: (329, 88)
20: (332, 86)
22: (347, 135)
24: (354, 265)
26: (383, 121)
27: (389, 88)
28: (393, 348)
31: (462, 356)
32: (472, 237)
33: (476, 243)
35: (492, 252)
36: (513, 137)
37: (526, 277)
39: (542, 199)
40: (557, 265)
41: (579, 202)
43: (600, 178)
44: (610, 168)
46: (627, 147)
47: (645, 128)
49: (662, 245)
50: (694, 233)
52: (717, 58)
54: (736, 104)
55: (740, 123)
58: (795, 381)
59: (817, 168)
61: (885, 248)
62: (892, 147)
63: (899, 152)
65: (903, 179)
66: (908, 305)
67: (912, 308)
68: (916, 351)
69: (918, 410)
72: (939, 423)
74: (1000, 306)
77: (1025, 229)
78: (1041, 69)
80: (1049, 47)
81: (1092, 174)
82: (1116, 57)
83: (1141, 227)
86: (1182, 576)
==================EDGES=====================
(17, 201) -> (17, 120)
(17, 120) -> (20, 73)
(20, 73) -> (91, 337)
(91, 337) -> (168, 115)
(168, 115) -> (176, 123)
(176, 123) -> (177, 54)
(177, 54) -> (222, 97)
(222, 97) -> (235, 26)
(235, 26) -> (294, 65)
(294, 65) -> (326, 13)
(326, 13) -> (327, 48)
(327, 48) -> (342, 42)
(342, 42) -> (349, 164)
(349, 164) -> (369, 54)
(369, 54) -> (405, 104)
(405, 104) -> (422, 321)
(422, 321) -> (485, 45)
(485, 45) -> (529, 149)
(529, 149) -> (589, 91)
(589, 91) -> (616, 80)
(616, 80) -> (651, 107)
(651, 107) -> (707, 115)
(707, 115) -> (724, 7)
(724, 7) -> (756, 185)
(756, 185) -> (784, 156)
(784, 156) -> (843, 164)
(843, 164) -> (901, 125)
(901, 125) -> (921, 402)
(921, 402) -> (930, 111)
(930, 111) -> (944, 86)
(944, 86) -> (1009, 29)
(1009, 29) -> (1022, 143)
(1022, 143) -> (1047, 5)
(1047, 5) -> (1152, 46)
(1152, 46) -> (1162, 116)
(1162, 116) -> (1196, 71)
(1196, 71) -> (1310, 178)
(1310, 178) -> (1321, 244)
(1321, 244) -> (1356, 238)
(1356, 238) -> (1371, 183)
(1371, 183) -> (1397, 11)
(1397, 11) -> (1422, 109)
(1422, 109) -> (1476, 111)
(1476, 111) -> (1503, 210)
(1503, 210) -> (1577, 127)
(1577, 127) -> (1604, 41)
(1604, 41) -> (1687, 162)
(1687, 162) -> (1780, 97)
(17, 201) -> (71, 290)
(71, 290) -> (79, 320)
(79, 320) -> (104, 385)
(104, 385) -> (113, 460)
(113, 460) -> (175, 129)
(175, 129) -> (241, 126)
(241, 126) -> (266, 123)
(266, 123) -> (329, 88)
(329, 88) -> (332, 86)
(332, 86) -> (347, 135)
(347, 135) -> (354, 265)
(354, 265) -> (383, 121)
(383, 121) -> (389, 88)
(389, 88) -> (393, 348)
(393, 348) -> (462, 356)
(462, 356) -> (472, 237)
(472, 237) -> (476, 243)
(476, 243) -> (492, 252)
(492, 252) -> (513, 137)
(513, 137) -> (526, 277)
(526, 277) -> (542, 199)
(542, 199) -> (557, 265)
(557, 265) -> (579, 202)
(579, 202) -> (600, 178)
(600, 178) -> (610, 168)
(610, 168) -> (627, 147)
(627, 147) -> (645, 128)
(645, 128) -> (662, 245)
(662, 245) -> (694, 233)
(694, 233) -> (717, 58)
(717, 58) -> (736, 104)
(736, 104) -> (740, 123)
(740, 123) -> (795, 381)
(795, 381) -> (817, 168)
(817, 168) -> (885, 248)
(885, 248) -> (892, 147)
(892, 147) -> (899, 152)
(899, 152) -> (903, 179)
(903, 179) -> (908, 305)
(908, 305) -> (912, 308)
(912, 308) -> (916, 351)
(916, 351) -> (918, 410)
(918, 410) -> (939, 423)
(939, 423) -> (1000, 306)
(1000, 306) -> (1025, 229)
(1025, 229) -> (1041, 69)
(1041, 69) -> (1049, 47)
(1049, 47) -> (1092, 174)
(1092, 174) -> (1116, 57)
(1116, 57) -> (1141, 227)
(1141, 227) -> (1182, 576)
(1182, 576) -> (1780, 97)
