Vertices: 100
Top chain length: 48
Bottom chain length: 52
=============TOP CHAIN VERTICES=============
0: (5, 264)
1: (5, 126)
2: (6, 218)
4: (48, 35)
5: (52, 64)
7: (103, 95)
9: (125, 125)
12: (163, 31)
13: (175, 76)
15: (194, 48)
16: (225, 65)
19: (253, 199)
21: (275, 139)
24: (297, 36)
28: (341, 281)
30: (367, 49)
33: (446, 30)
35: (458, 152)
38: (478, 146)
40: (521, 248)
42: (529, 115)
44: (585, 152)
47: (668, 217)
49: (696, 70)
51: (764, 12)
53: (772, 155)
54: (792, 215)
56: (805, 19)
57: (818, 41)
63: (885, 183)
64: (890, 97)
68: (978, 152)
69: (993, 23)
73: (1049, 22)
75: (1123, 75)
76: (1133, 116)
78: (1135, 257)
79: (1182, 200)
80: (1185, 76)
84: (1268, 31)
85: (1304, 15)
87: (1323, 30)
88: (1340, 48)
93: (1384, 229)
94: (1397, 143)
95: (1407, 89)
98: (1431, 230)
99: (1446, 204)
===========BOTTOM CHAIN VERTICES============
3: (36, 169)
6: (74, 196)
8: (109, 131)
10: (142, 155)
11: (150, 90)
14: (189, 216)
17: (225, 91)
18: (236, 200)
20: (259, 307)
22: (276, 230)
23: (293, 56)
25: (311, 129)
26: (315, 316)
27: (322, 258)
29: (351, 295)
31: (394, 85)
32: (436, 130)
34: (453, 274)
36: (458, 234)
37: (475, 149)
39: (491, 249)
41: (523, 268)
43: (564, 166)
45: (602, 242)
46: (642, 266)
48: (680, 224)
50: (744, 63)
52: (767, 202)
55: (795, 223)
58: (826, 215)
59: (830, 173)
60: (834, 220)
61: (850, 301)
62: (881, 193)
65: (891, 195)
66: (952, 166)
67: (966, 241)
70: (1026, 182)
71: (1036, 115)
72: (1043, 96)
74: (1093, 97)
77: (1134, 316)
81: (1227, 140)
82: (1235, 205)
83: (1266, 46)
86: (1318, 60)
89: (1345, 112)
90: (1367, 174)
91: (1379, 210)
92: (1381, 261)
96: (1411, 193)
97: (1414, 269)
==================EDGES=====================
(5, 264) -> (5, 126)
(5, 126) -> (6, 218)
(6, 218) -> (48, 35)
(48, 35) -> (52, 64)
(52, 64) -> (103, 95)
(103, 95) -> (125, 125)
(125, 125) -> (163, 31)
(163, 31) -> (175, 76)
(175, 76) -> (194, 48)
(194, 48) -> (225, 65)
(225, 65) -> (253, 199)
(253, 199) -> (275, 139)
(275, 139) -> (297, 36)
(297, 36) -> (341, 281)
(341, 281) -> (367, 49)
(367, 49) -> (446, 30)
(446, 30) -> (458, 152)
(458, 152) -> (478, 146)
(478, 146) -> (521, 248)
(521, 248) -> (529, 115)
(529, 115) -> (585, 152)
(585, 152) -> (668, 217)
(668, 217) -> (696, 70)
(696, 70) -> (764, 12)
(764, 12) -> (772, 155)
(772, 155) -> (792, 215)
(792, 215) -> (805, 19)
(805, 19) -> (818, 41)
(818, 41) -> (885, 183)
(885, 183) -> (890, 97)
(890, 97) -> (978, 152)
(978, 152) -> (993, 23)
(993, 23) -> (1049, 22)
(1049, 22) -> (1123, 75)
(1123, 75) -> (1133, 116)
(1133, 116) -> (1135, 257)
(1135, 257) -> (1182, 200)
(1182, 200) -> (1185, 76)
(1185, 76) -> (1268, 31)
(1268, 31) -> (1304, 15)
(1304, 15) -> (1323, 30)
(1323, 30) -> (1340, 48)
(1340, 48) -> (1384, 229)
(1384, 229) -> (1397, 143)
(1397, 143) -> (1407, 89)
(1407, 89) -> (1431, 230)
(1431, 230) -> (1446, 204)
(5, 264) -> (36, 169)
(36, 169) -> (74, 196)
(74, 196) -> (109, 131)
(109, 131) -> (142, 155)
(142, 155) -> (150, 90)
(150, 90) -> (189, 216)
(189, 216) -> (225, 91)
(225, 91) -> (236, 200)
(236, 200) -> (259, 307)
(259, 307) -> (276, 230)
(276, 230) -> (293, 56)
(293, 56) -> (311, 129)
(311, 129) -> (315, 316)
(315, 316) -> (322, 258)
(322, 258) -> (351, 295)
(351, 295) -> (394, 85)
(394, 85) -> (436, 130)
(436, 130) -> (453, 274)
(453, 274) -> (458, 234)
(458, 234) -> (475, 149)
(475, 149) -> (491, 249)
(491, 249) -> (523, 268)
(523, 268) -> (564, 166)
(564, 166) -> (602, 242)
(602, 242) -> (642, 266)
(642, 266) -> (680, 224)
(680, 224) -> (744, 63)
(744, 63) -> (767, 202)
(767, 202) -> (795, 223)
(795, 223) -> (826, 215)
(826, 215) -> (830, 173)
(830, 173) -> (834, 220)
(834, 220) -> (850, 301)
(850, 301) -> (881, 193)
(881, 193) -> (891, 195)
(891, 195) -> (952, 166)
(952, 166) -> (966, 241)
(966, 241) -> (1026, 182)
(1026, 182) -> (1036, 115)
(1036, 115) -> (1043, 96)
(1043, 96) -> (1093, 97)
(1093, 97) -> (1134, 316)
(1134, 316) -> (1227, 140)
(1227, 140) -> (1235, 205)
(1235, 205) -> (1266, 46)
(1266, 46) -> (1318, 60)
(1318, 60) -> (1345, 112)
(1345, 112) -> (1367, 174)
(1367, 174) -> (1379, 210)
(1379, 210) -> (1381, 261)
(1381, 261) -> (1411, 193)
(1411, 193) -> (1414, 269)
(1414, 269) -> (1446, 204)
