Vertices: 100
Top chain length: 42
Bottom chain length: 58
=============TOP CHAIN VERTICES=============
0: (50, 132)
1: (50, 68)
6: (105, 182)
7: (132, 164)
9: (178, 216)
11: (220, 5)
12: (224, 34)
14: (239, 9)
18: (345, 147)
19: (356, 77)
21: (450, 24)
25: (490, 86)
28: (507, 241)
30: (538, 21)
32: (545, 105)
34: (565, 317)
38: (597, 67)
42: (663, 47)
48: (758, 168)
49: (763, 127)
52: (772, 196)
54: (832, 86)
56: (884, 156)
59: (901, 250)
60: (911, 118)
63: (952, 363)
65: (1018, 127)
69: (1115, 70)
71: (1144, 154)
72: (1150, 42)
73: (1158, 39)
74: (1182, 33)
77: (1221, 222)
78: (1226, 65)
81: (1266, 151)
83: (1282, 25)
84: (1289, 35)
86: (1299, 6)
87: (1331, 1)
89: (1350, 89)
90: (1357, 145)
91: (1367, 12)
===========BOTTOM CHAIN VERTICES============
2: (56, 98)
3: (85, 186)
4: (94, 213)
5: (95, 162)
8: (138, 311)
10: (209, 210)
13: (238, 356)
15: (245, 115)
16: (281, 152)
17: (334, 338)
20: (427, 42)
22: (451, 233)
23: (464, 191)
24: (487, 109)
26: (494, 171)
27: (497, 205)
29: (533, 368)
31: (544, 129)
33: (559, 362)
35: (567, 386)
36: (581, 224)
37: (592, 193)
39: (599, 160)
40: (606, 218)
41: (617, 64)
43: (679, 154)
44: (721, 213)
45: (737, 192)
46: (739, 290)
47: (755, 339)
50: (763, 137)
51: (766, 282)
53: (806, 246)
55: (861, 280)
57: (892, 211)
58: (894, 219)
61: (914, 339)
62: (951, 417)
64: (1017, 173)
66: (1055, 184)
67: (1059, 127)
68: (1096, 251)
70: (1119, 158)
75: (1201, 203)
76: (1211, 184)
79: (1249, 369)
80: (1255, 143)
82: (1269, 164)
85: (1297, 46)
88: (1339, 196)
92: (1435, 49)
93: (1443, 271)
94: (1479, 66)
95: (1511, 193)
96: (1518, 17)
97: (1524, 77)
98: (1544, 73)
99: (1609, 10)
==================EDGES=====================
(50, 132) -> (50, 68)
(50, 68) -> (105, 182)
(105, 182) -> (132, 164)
(132, 164) -> (178, 216)
(178, 216) -> (220, 5)
(220, 5) -> (224, 34)
(224, 34) -> (239, 9)
(239, 9) -> (345, 147)
(345, 147) -> (356, 77)
(356, 77) -> (450, 24)
(450, 24) -> (490, 86)
(490, 86) -> (507, 241)
(507, 241) -> (538, 21)
(538, 21) -> (545, 105)
(545, 105) -> (565, 317)
(565, 317) -> (597, 67)
(597, 67) -> (663, 47)
(663, 47) -> (758, 168)
(758, 168) -> (763, 127)
(763, 127) -> (772, 196)
(772, 196) -> (832, 86)
(832, 86) -> (884, 156)
(884, 156) -> (901, 250)
(901, 250) -> (911, 118)
(911, 118) -> (952, 363)
(952, 363) -> (1018, 127)
(1018, 127) -> (1115, 70)
(1115, 70) -> (1144, 154)
(1144, 154) -> (1150, 42)
(1150, 42) -> (1158, 39)
(1158, 39) -> (1182, 33)
(1182, 33) -> (1221, 222)
(1221, 222) -> (1226, 65)
(1226, 65) -> (1266, 151)
(1266, 151) -> (1282, 25)
(1282, 25) -> (1289, 35)
(1289, 35) -> (1299, 6)
(1299, 6) -> (1331, 1)
(1331, 1) -> (1350, 89)
(1350, 89) -> (1357, 145)
(1357, 145) -> (1367, 12)
(50, 132) -> (56, 98)
(56, 98) -> (85, 186)
(85, 186) -> (94, 213)
(94, 213) -> (95, 162)
(95, 162) -> (138, 311)
(138, 311) -> (209, 210)
(209, 210) -> (238, 356)
(238, 356) -> (245, 115)
(245, 115) -> (281, 152)
(281, 152) -> (334, 338)
(334, 338) -> (427, 42)
(427, 42) -> (451, 233)
(451, 233) -> (464, 191)
(464, 191) -> (487, 109)
(487, 109) -> (494, 171)
(494, 171) -> (497, 205)
(497, 205) -> (533, 368)
(533, 368) -> (544, 129)
(544, 129) -> (559, 362)
(559, 362) -> (567, 386)
(567, 386) -> (581, 224)
(581, 224) -> (592, 193)
(592, 193) -> (599, 160)
(599, 160) -> (606, 218)
(606, 218) -> (617, 64)
(617, 64) -> (679, 154)
(679, 154) -> (721, 213)
(721, 213) -> (737, 192)
(737, 192) -> (739, 290)
(739, 290) -> (755, 339)
(755, 339) -> (763, 137)
(763, 137) -> (766, 282)
(766, 282) -> (806, 246)
(806, 246) -> (861, 280)
(861, 280) -> (892, 211)
(892, 211) -> (894, 219)
(894, 219) -> (914, 339)
(914, 339) -> (951, 417)
(951, 417) -> (1017, 173)
(1017, 173) -> (1055, 184)
(1055, 184) -> (1059, 127)
(1059, 127) -> (1096, 251)
(1096, 251) -> (1119, 158)
(1119, 158) -> (1201, 203)
(1201, 203) -> (1211, 184)
(1211, 184) -> (1249, 369)
(1249, 369) -> (1255, 143)
(1255, 143) -> (1269, 164)
(1269, 164) -> (1297, 46)
(1297, 46) -> (1339, 196)
(1339, 196) -> (1435, 49)
(1435, 49) -> (1443, 271)
(1443, 271) -> (1479, 66)
(1479, 66) -> (1511, 193)
(1511, 193) -> (1518, 17)
(1518, 17) -> (1524, 77)
(1524, 77) -> (1544, 73)
(1544, 73) -> (1609, 10)
(1609, 10) -> (1367, 12)
