Vertices: 50
Top chain length: 30
Bottom chain length: 20
=============TOP CHAIN VERTICES=============
0: (18, 33)
1: (18, 18)
3: (51, 95)
4: (57, 100)
9: (120, 30)
10: (132, 9)
13: (252, 71)
17: (302, 97)
21: (364, 211)
22: (378, 109)
25: (428, 0)
27: (463, 58)
29: (491, 47)
32: (523, 55)
34: (601, 38)
35: (610, 57)
36: (637, 31)
37: (689, 148)
38: (725, 29)
39: (752, 340)
40: (806, 11)
41: (817, 97)
42: (834, 54)
43: (841, 174)
44: (858, 36)
45: (892, 103)
46: (912, 8)
47: (931, 3)
48: (935, 21)
49: (973, 202)
===========BOTTOM CHAIN VERTICES============
2: (40, 118)
5: (76, 141)
6: (80, 205)
7: (90, 87)
8: (116, 173)
11: (167, 283)
12: (223, 212)
14: (254, 95)
15: (269, 223)
16: (287, 243)
18: (310, 260)
19: (326, 185)
20: (340, 251)
23: (389, 402)
24: (419, 76)
26: (438, 130)
28: (486, 107)
30: (497, 220)
31: (505, 253)
33: (553, 474)
==================EDGES=====================
(18, 33) -> (18, 18)
(18, 18) -> (51, 95)
(51, 95) -> (57, 100)
(57, 100) -> (120, 30)
(120, 30) -> (132, 9)
(132, 9) -> (252, 71)
(252, 71) -> (302, 97)
(302, 97) -> (364, 211)
(364, 211) -> (378, 109)
(378, 109) -> (428, 0)
(428, 0) -> (463, 58)
(463, 58) -> (491, 47)
(491, 47) -> (523, 55)
(523, 55) -> (601, 38)
(601, 38) -> (610, 57)
(610, 57) -> (637, 31)
(637, 31) -> (689, 148)
(689, 148) -> (725, 29)
(725, 29) -> (752, 340)
(752, 340) -> (806, 11)
(806, 11) -> (817, 97)
(817, 97) -> (834, 54)
(834, 54) -> (841, 174)
(841, 174) -> (858, 36)
(858, 36) -> (892, 103)
(892, 103) -> (912, 8)
(912, 8) -> (931, 3)
(931, 3) -> (935, 21)
(935, 21) -> (973, 202)
(18, 33) -> (40, 118)
(40, 118) -> (76, 141)
(76, 141) -> (80, 205)
(80, 205) -> (90, 87)
(90, 87) -> (116, 173)
(116, 173) -> (167, 283)
(167, 283) -> (223, 212)
(223, 212) -> (254, 95)
(254, 95) -> (269, 223)
(269, 223) -> (287, 243)
(287, 243) -> (310, 260)
(310, 260) -> (326, 185)
(326, 185) -> (340, 251)
(340, 251) -> (389, 402)
(389, 402) -> (419, 76)
(419, 76) -> (438, 130)
(438, 130) -> (486, 107)
(486, 107) -> (497, 220)
(497, 220) -> (505, 253)
(505, 253) -> (553, 474)
(553, 474) -> (973, 202)
