Vertices: 50
Top chain length: 23
Bottom chain length: 27
=============TOP CHAIN VERTICES=============
0: (11, 355)
1: (11, 228)
2: (43, 28)
7: (90, 21)
8: (94, 70)
9: (116, 240)
11: (122, 186)
12: (138, 75)
15: (196, 196)
17: (231, 14)
19: (252, 186)
20: (252, 24)
22: (264, 74)
24: (316, 65)
25: (324, 88)
26: (327, 170)
27: (329, 108)
28: (337, 150)
29: (418, 2)
32: (454, 50)
35: (463, 43)
36: (469, 129)
37: (511, 8)
===========BOTTOM CHAIN VERTICES============
3: (48, 66)
4: (59, 199)
5: (69, 182)
6: (83, 116)
10: (119, 344)
13: (140, 139)
14: (153, 240)
16: (230, 192)
18: (245, 152)
21: (252, 229)
23: (300, 188)
30: (420, 268)
31: (435, 101)
33: (456, 230)
34: (459, 144)
38: (543, 202)
39: (573, 173)
40: (633, 212)
41: (639, 9)
42: (658, 98)
43: (697, 263)
44: (729, 225)
45: (736, 32)
46: (830, 56)
47: (882, 313)
48: (900, 42)
49: (968, 2)
==================EDGES=====================
(11, 355) -> (11, 228)
(11, 228) -> (43, 28)
(43, 28) -> (90, 21)
(90, 21) -> (94, 70)
(94, 70) -> (116, 240)
(116, 240) -> (122, 186)
(122, 186) -> (138, 75)
(138, 75) -> (196, 196)
(196, 196) -> (231, 14)
(231, 14) -> (252, 186)
(252, 186) -> (252, 24)
(252, 24) -> (264, 74)
(264, 74) -> (316, 65)
(316, 65) -> (324, 88)
(324, 88) -> (327, 170)
(327, 170) -> (329, 108)
(329, 108) -> (337, 150)
(337, 150) -> (418, 2)
(418, 2) -> (454, 50)
(454, 50) -> (463, 43)
(463, 43) -> (469, 129)
(469, 129) -> (511, 8)
(11, 355) -> (48, 66)
(48, 66) -> (59, 199)
(59, 199) -> (69, 182)
(69, 182) -> (83, 116)
(83, 116) -> (119, 344)
(119, 344) -> (140, 139)
(140, 139) -> (153, 240)
(153, 240) -> (230, 192)
(230, 192) -> (245, 152)
(245, 152) -> (252, 229)
(252, 229) -> (300, 188)
(300, 188) -> (420, 268)
(420, 268) -> (435, 101)
(435, 101) -> (456, 230)
(456, 230) -> (459, 144)
(459, 144) -> (543, 202)
(543, 202) -> (573, 173)
(573, 173) -> (633, 212)
(633, 212) -> (639, 9)
(639, 9) -> (658, 98)
(658, 98) -> (697, 263)
(697, 263) -> (729, 225)
(729, 225) -> (736, 32)
(736, 32) -> (830, 56)
(830, 56) -> (882, 313)
(882, 313) -> (900, 42)
(900, 42) -> (968, 2)
(968, 2) -> (511, 8)
