Vertices: 100
Top chain length: 49
Bottom chain length: 51
=============TOP CHAIN VERTICES=============
0: (78, 278)
1: (78, 33)
2: (87, 38)
3: (109, 59)
4: (123, 156)
7: (183, 158)
8: (184, 146)
9: (196, 83)
10: (214, 18)
11: (234, 32)
12: (244, 81)
13: (250, 59)
14: (294, 29)
16: (328, 127)
20: (368, 200)
22: (393, 141)
26: (460, 155)
29: (516, 70)
32: (575, 67)
34: (593, 156)
37: (674, 118)
39: (723, 196)
41: (772, 59)
42: (785, 60)
45: (823, 104)
46: (871, 24)
48: (894, 99)
52: (923, 325)
54: (981, 66)
55: (987, 24)
58: (1064, 90)
60: (1113, 169)
62: (1164, 1)
63: (1191, 155)
65: (1210, 218)
66: (1230, 168)
69: (1298, 32)
73: (1379, 25)
74: (1381, 22)
75: (1410, 43)
78: (1464, 53)
80: (1477, 17)
82: (1489, 310)
84: (1561, 91)
86: (1575, 340)
88: (1608, 242)
90: (1626, 168)
94: (1670, 417)
96: (1683, 137)
===========BOTTOM CHAIN VERTICES============
5: (129, 174)
6: (158, 202)
15: (294, 39)
17: (330, 211)
18: (332, 218)
19: (359, 269)
21: (379, 404)
23: (414, 200)
24: (421, 208)
25: (447, 312)
27: (494, 270)
28: (497, 281)
30: (531, 347)
31: (546, 91)
33: (586, 143)
35: (603, 226)
36: (663, 258)
38: (684, 336)
40: (731, 241)
43: (797, 133)
44: (810, 90)
47: (893, 236)
49: (911, 280)
50: (912, 270)
51: (914, 350)
53: (968, 363)
56: (1000, 138)
57: (1033, 300)
59: (1076, 176)
61: (1141, 423)
64: (1197, 339)
67: (1241, 171)
68: (1280, 201)
70: (1306, 66)
71: (1352, 55)
72: (1373, 138)
76: (1413, 70)
77: (1449, 182)
79: (1467, 85)
81: (1477, 356)
83: (1540, 245)
85: (1572, 434)
87: (1590, 350)
89: (1618, 257)
91: (1630, 208)
92: (1646, 282)
93: (1658, 413)
95: (1677, 624)
97: (1725, 83)
98: (1741, 113)
99: (1758, 4)
==================EDGES=====================
(78, 278) -> (78, 33)
(78, 33) -> (87, 38)
(87, 38) -> (109, 59)
(109, 59) -> (123, 156)
(123, 156) -> (183, 158)
(183, 158) -> (184, 146)
(184, 146) -> (196, 83)
(196, 83) -> (214, 18)
(214, 18) -> (234, 32)
(234, 32) -> (244, 81)
(244, 81) -> (250, 59)
(250, 59) -> (294, 29)
(294, 29) -> (328, 127)
(328, 127) -> (368, 200)
(368, 200) -> (393, 141)
(393, 141) -> (460, 155)
(460, 155) -> (516, 70)
(516, 70) -> (575, 67)
(575, 67) -> (593, 156)
(593, 156) -> (674, 118)
(674, 118) -> (723, 196)
(723, 196) -> (772, 59)
(772, 59) -> (785, 60)
(785, 60) -> (823, 104)
(823, 104) -> (871, 24)
(871, 24) -> (894, 99)
(894, 99) -> (923, 325)
(923, 325) -> (981, 66)
(981, 66) -> (987, 24)
(987, 24) -> (1064, 90)
(1064, 90) -> (1113, 169)
(1113, 169) -> (1164, 1)
(1164, 1) -> (1191, 155)
(1191, 155) -> (1210, 218)
(1210, 218) -> (1230, 168)
(1230, 168) -> (1298, 32)
(1298, 32) -> (1379, 25)
(1379, 25) -> (1381, 22)
(1381, 22) -> (1410, 43)
(1410, 43) -> (1464, 53)
(1464, 53) -> (1477, 17)
(1477, 17) -> (1489, 310)
(1489, 310) -> (1561, 91)
(1561, 91) -> (1575, 340)
(1575, 340) -> (1608, 242)
(1608, 242) -> (1626, 168)
(1626, 168) -> (1670, 417)
(1670, 417) -> (1683, 137)
(78, 278) -> (129, 174)
(129, 174) -> (158, 202)
(158, 202) -> (294, 39)
(294, 39) -> (330, 211)
(330, 211) -> (332, 218)
(332, 218) -> (359, 269)
(359, 269) -> (379, 404)
(379, 404) -> (414, 200)
(414, 200) -> (421, 208)
(421, 208) -> (447, 312)
(447, 312) -> (494, 270)
(494, 270) -> (497, 281)
(497, 281) -> (531, 347)
(531, 347) -> (546, 91)
(546, 91) -> (586, 143)
(586, 143) -> (603, 226)
(603, 226) -> (663, 258)
(663, 258) -> (684, 336)
(684, 336) -> (731, 241)
(731, 241) -> (797, 133)
(797, 133) -> (810, 90)
(810, 90) -> (893, 236)
(893, 236) -> (911, 280)
(911, 280) -> (912, 270)
(912, 270) -> (914, 350)
(914, 350) -> (968, 363)
(968, 363) -> (1000, 138)
(1000, 138) -> (1033, 300)
(1033, 300) -> (1076, 176)
(1076, 176) -> (1141, 423)
(1141, 423) -> (1197, 339)
(1197, 339) -> (1241, 171)
(1241, 171) -> (1280, 201)
(1280, 201) -> (1306, 66)
(1306, 66) -> (1352, 55)
(1352, 55) -> (1373, 138)
(1373, 138) -> (1413, 70)
(1413, 70) -> (1449, 182)
(1449, 182) -> (1467, 85)
(1467, 85) -> (1477, 356)
(1477, 356) -> (1540, 245)
(1540, 245) -> (1572, 434)
(1572, 434) -> (1590, 350)
(1590, 350) -> (1618, 257)
(1618, 257) -> (1630, 208)
(1630, 208) -> (1646, 282)
(1646, 282) -> (1658, 413)
(1658, 413) -> (1677, 624)
(1677, 624) -> (1725, 83)
(1725, 83) -> (1741, 113)
(1741, 113) -> (1758, 4)
(1758, 4) -> (1683, 137)
