Vertices: 100
Top chain length: 50
Bottom chain length: 50
=============TOP CHAIN VERTICES=============
0: (84, 105)
1: (84, 9)
2: (95, 122)
3: (122, 177)
6: (199, 215)
7: (226, 120)
9: (255, 63)
14: (307, 65)
17: (347, 168)
18: (365, 154)
22: (379, 282)
25: (412, 40)
27: (446, 13)
30: (456, 145)
31: (472, 52)
35: (539, 301)
38: (585, 27)
39: (594, 18)
41: (620, 69)
44: (652, 208)
46: (659, 156)
47: (667, 69)
48: (668, 17)
50: (689, 257)
52: (711, 201)
53: (718, 31)
54: (752, 160)
55: (756, 149)
56: (761, 9)
59: (780, 2)
60: (810, 72)
63: (841, 39)
65: (864, 6)
68: (934, 82)
71: (962, 18)
76: (1039, 105)
80: (1088, 111)
81: (1109, 68)
83: (1126, 264)
84: (1130, 135)
85: (1137, 79)
89: (1153, 228)
91: (1178, 269)
92: (1209, 104)
93: (1219, 80)
94: (1221, 185)
95: (1235, 170)
96: (1258, 80)
97: (1293, 103)
98: (1315, 2)
===========BOTTOM CHAIN VERTICES============
4: (127, 219)
5: (172, 348)
8: (241, 210)
10: (261, 67)
11: (264, 458)
12: (266, 105)
13: (305, 109)
15: (326, 218)
16: (344, 215)
19: (367, 444)
20: (374, 281)
21: (376, 335)
23: (393, 200)
24: (402, 224)
26: (430, 55)
28: (451, 89)
29: (453, 159)
32: (476, 67)
33: (492, 290)
34: (533, 345)
36: (564, 259)
37: (571, 195)
40: (609, 196)
42: (624, 252)
43: (634, 186)
45: (654, 275)
49: (670, 88)
51: (699, 416)
57: (765, 146)
58: (770, 254)
61: (812, 82)
62: (819, 63)
64: (850, 157)
66: (892, 169)
67: (894, 229)
69: (935, 205)
70: (950, 246)
72: (976, 132)
73: (997, 122)
74: (1008, 127)
75: (1023, 349)
77: (1062, 128)
78: (1063, 114)
79: (1081, 128)
82: (1121, 230)
86: (1138, 376)
87: (1140, 210)
88: (1150, 279)
90: (1157, 332)
99: (1318, 162)
==================EDGES=====================
(84, 105) -> (84, 9)
(84, 9) -> (95, 122)
(95, 122) -> (122, 177)
(122, 177) -> (199, 215)
(199, 215) -> (226, 120)
(226, 120) -> (255, 63)
(255, 63) -> (307, 65)
(307, 65) -> (347, 168)
(347, 168) -> (365, 154)
(365, 154) -> (379, 282)
(379, 282) -> (412, 40)
(412, 40) -> (446, 13)
(446, 13) -> (456, 145)
(456, 145) -> (472, 52)
(472, 52) -> (539, 301)
(539, 301) -> (585, 27)
(585, 27) -> (594, 18)
(594, 18) -> (620, 69)
(620, 69) -> (652, 208)
(652, 208) -> (659, 156)
(659, 156) -> (667, 69)
(667, 69) -> (668, 17)
(668, 17) -> (689, 257)
(689, 257) -> (711, 201)
(711, 201) -> (718, 31)
(718, 31) -> (752, 160)
(752, 160) -> (756, 149)
(756, 149) -> (761, 9)
(761, 9) -> (780, 2)
(780, 2) -> (810, 72)
(810, 72) -> (841, 39)
(841, 39) -> (864, 6)
(864, 6) -> (934, 82)
(934, 82) -> (962, 18)
(962, 18) -> (1039, 105)
(1039, 105) -> (1088, 111)
(1088, 111) -> (1109, 68)
(1109, 68) -> (1126, 264)
(1126, 264) -> (1130, 135)
(1130, 135) -> (1137, 79)
(1137, 79) -> (1153, 228)
(1153, 228) -> (1178, 269)
(1178, 269) -> (1209, 104)
(1209, 104) -> (1219, 80)
(1219, 80) -> (1221, 185)
(1221, 185) -> (1235, 170)
(1235, 170) -> (1258, 80)
(1258, 80) -> (1293, 103)
(1293, 103) -> (1315, 2)
(84, 105) -> (127, 219)
(127, 219) -> (172, 348)
(172, 348) -> (241, 210)
(241, 210) -> (261, 67)
(261, 67) -> (264, 458)
(264, 458) -> (266, 105)
(266, 105) -> (305, 109)
(305, 109) -> (326, 218)
(326, 218) -> (344, 215)
(344, 215) -> (367, 444)
(367, 444) -> (374, 281)
(374, 281) -> (376, 335)
(376, 335) -> (393, 200)
(393, 200) -> (402, 224)
(402, 224) -> (430, 55)
(430, 55) -> (451, 89)
(451, 89) -> (453, 159)
(453, 159) -> (476, 67)
(476, 67) -> (492, 290)
(492, 290) -> (533, 345)
(533, 345) -> (564, 259)
(564, 259) -> (571, 195)
(571, 195) -> (609, 196)
(609, 196) -> (624, 252)
(624, 252) -> (634, 186)
(634, 186) -> (654, 275)
(654, 275) -> (670, 88)
(670, 88) -> (699, 416)
(699, 416) -> (765, 146)
(765, 146) -> (770, 254)
(770, 254) -> (812, 82)
(812, 82) -> (819, 63)
(819, 63) -> (850, 157)
(850, 157) -> (892, 169)
(892, 169) -> (894, 229)
(894, 229) -> (935, 205)
(935, 205) -> (950, 246)
(950, 246) -> (976, 132)
(976, 132) -> (997, 122)
(997, 122) -> (1008, 127)
(1008, 127) -> (1023, 349)
(1023, 349) -> (1062, 128)
(1062, 128) -> (1063, 114)
(1063, 114) -> (1081, 128)
(1081, 128) -> (1121, 230)
(1121, 230) -> (1138, 376)
(1138, 376) -> (1140, 210)
(1140, 210) -> (1150, 279)
(1150, 279) -> (1157, 332)
(1157, 332) -> (1318, 162)
(1318, 162) -> (1315, 2)
