Vertices: 100
Top chain length: 39
Bottom chain length: 61
=============TOP CHAIN VERTICES=============
0: (22, 99)
1: (22, 66)
2: (39, 42)
4: (75, 135)
5: (93, 80)
8: (158, 179)
9: (184, 131)
11: (222, 100)
15: (285, 201)
18: (334, 159)
19: (364, 73)
21: (384, 34)
26: (470, 207)
27: (472, 123)
32: (537, 11)
36: (575, 227)
41: (645, 224)
43: (663, 277)
44: (708, 20)
45: (723, 101)
47: (750, 99)
48: (752, 34)
51: (778, 219)
53: (783, 29)
59: (882, 364)
60: (910, 42)
63: (921, 120)
65: (1019, 11)
71: (1094, 123)
74: (1178, 126)
75: (1187, 102)
76: (1200, 126)
78: (1214, 5)
79: (1228, 90)
82: (1265, 95)
83: (1271, 152)
86: (1358, 43)
88: (1367, 77)
90: (1442, 11)
===========BOTTOM CHAIN VERTICES============
3: (40, 297)
6: (94, 105)
7: (130, 256)
10: (203, 157)
12: (244, 180)
13: (252, 177)
14: (253, 359)
16: (286, 272)
17: (329, 285)
20: (376, 156)
22: (392, 247)
23: (394, 221)
24: (413, 275)
25: (439, 201)
28: (472, 253)
29: (501, 326)
30: (525, 44)
31: (536, 105)
33: (537, 313)
34: (539, 256)
35: (565, 366)
37: (588, 346)
38: (597, 287)
39: (641, 276)
40: (642, 367)
42: (660, 454)
46: (749, 118)
49: (754, 74)
50: (765, 221)
52: (778, 274)
54: (795, 265)
55: (801, 277)
56: (821, 444)
57: (829, 222)
58: (839, 410)
61: (911, 340)
62: (914, 151)
64: (930, 137)
66: (1020, 40)
67: (1028, 28)
68: (1061, 360)
69: (1083, 117)
70: (1084, 155)
72: (1113, 188)
73: (1147, 362)
77: (1212, 204)
80: (1232, 175)
81: (1254, 197)
84: (1341, 78)
85: (1352, 171)
87: (1366, 120)
89: (1385, 124)
91: (1468, 83)
92: (1504, 210)
93: (1519, 118)
94: (1551, 178)
95: (1570, 14)
96: (1575, 121)
97: (1620, 76)
98: (1667, 129)
99: (1680, 5)
==================EDGES=====================
(22, 99) -> (22, 66)
(22, 66) -> (39, 42)
(39, 42) -> (75, 135)
(75, 135) -> (93, 80)
(93, 80) -> (158, 179)
(158, 179) -> (184, 131)
(184, 131) -> (222, 100)
(222, 100) -> (285, 201)
(285, 201) -> (334, 159)
(334, 159) -> (364, 73)
(364, 73) -> (384, 34)
(384, 34) -> (470, 207)
(470, 207) -> (472, 123)
(472, 123) -> (537, 11)
(537, 11) -> (575, 227)
(575, 227) -> (645, 224)
(645, 224) -> (663, 277)
(663, 277) -> (708, 20)
(708, 20) -> (723, 101)
(723, 101) -> (750, 99)
(750, 99) -> (752, 34)
(752, 34) -> (778, 219)
(778, 219) -> (783, 29)
(783, 29) -> (882, 364)
(882, 364) -> (910, 42)
(910, 42) -> (921, 120)
(921, 120) -> (1019, 11)
(1019, 11) -> (1094, 123)
(1094, 123) -> (1178, 126)
(1178, 126) -> (1187, 102)
(1187, 102) -> (1200, 126)
(1200, 126) -> (1214, 5)
(1214, 5) -> (1228, 90)
(1228, 90) -> (1265, 95)
(1265, 95) -> (1271, 152)
(1271, 152) -> (1358, 43)
(1358, 43) -> (1367, 77)
(1367, 77) -> (1442, 11)
(22, 99) -> (40, 297)
(40, 297) -> (94, 105)
(94, 105) -> (130, 256)
(130, 256) -> (203, 157)
(203, 157) -> (244, 180)
(244, 180) -> (252, 177)
(252, 177) -> (253, 359)
(253, 359) -> (286, 272)
(286, 272) -> (329, 285)
(329, 285) -> (376, 156)
(376, 156) -> (392, 247)
(392, 247) -> (394, 221)
(394, 221) -> (413, 275)
(413, 275) -> (439, 201)
(439, 201) -> (472, 253)
(472, 253) -> (501, 326)
(501, 326) -> (525, 44)
(525, 44) -> (536, 105)
(536, 105) -> (537, 313)
(537, 313) -> (539, 256)
(539, 256) -> (565, 366)
(565, 366) -> (588, 346)
(588, 346) -> (597, 287)
(597, 287) -> (641, 276)
(641, 276) -> (642, 367)
(642, 367) -> (660, 454)
(660, 454) -> (749, 118)
(749, 118) -> (754, 74)
(754, 74) -> (765, 221)
(765, 221) -> (778, 274)
(778, 274) -> (795, 265)
(795, 265) -> (801, 277)
(801, 277) -> (821, 444)
(821, 444) -> (829, 222)
(829, 222) -> (839, 410)
(839, 410) -> (911, 340)
(911, 340) -> (914, 151)
(914, 151) -> (930, 137)
(930, 137) -> (1020, 40)
(1020, 40) -> (1028, 28)
(1028, 28) -> (1061, 360)
(1061, 360) -> (1083, 117)
(1083, 117) -> (1084, 155)
(1084, 155) -> (1113, 188)
(1113, 188) -> (1147, 362)
(1147, 362) -> (1212, 204)
(1212, 204) -> (1232, 175)
(1232, 175) -> (1254, 197)
(1254, 197) -> (1341, 78)
(1341, 78) -> (1352, 171)
(1352, 171) -> (1366, 120)
(1366, 120) -> (1385, 124)
(1385, 124) -> (1468, 83)
(1468, 83) -> (1504, 210)
(1504, 210) -> (1519, 118)
(1519, 118) -> (1551, 178)
(1551, 178) -> (1570, 14)
(1570, 14) -> (1575, 121)
(1575, 121) -> (1620, 76)
(1620, 76) -> (1667, 129)
(1667, 129) -> (1680, 5)
(1680, 5) -> (1442, 11)
