Vertices: 100
Top chain length: 52
Bottom chain length: 48
=============TOP CHAIN VERTICES=============
0: (26, 86)
1: (26, 2)
5: (90, 65)
6: (105, 163)
7: (135, 130)
10: (184, 155)
14: (278, 10)
18: (346, 16)
22: (384, 144)
26: (430, 207)
27: (458, 207)
29: (502, 215)
30: (510, 62)
31: (513, 73)
32: (519, 156)
33: (538, 86)
34: (543, 24)
38: (633, 124)
39: (642, 199)
40: (645, 43)
41: (668, 198)
43: (683, 76)
44: (710, 69)
45: (738, 32)
47: (755, 150)
49: (790, 79)
50: (814, 32)
51: (833, 12)
55: (882, 96)
58: (893, 271)
62: (956, 177)
63: (1004, 77)
66: (1075, 72)
68: (1108, 15)
70: (1130, 67)
73: (1171, 274)
75: (1230, 288)
77: (1281, 199)
81: (1342, 288)
82: (1355, 82)
85: (1397, 16)
86: (1408, 110)
89: (1471, 76)
91: (1492, 8)
92: (1592, 4)
93: (1619, 104)
94: (1674, 172)
95: (1699, 130)
96: (1713, 99)
97: (1734, 41)
98: (1794, 85)
99: (1815, 346)
===========BOTTOM CHAIN VERTICES============
2: (42, 56)
3: (77, 63)
4: (81, 192)
8: (147, 352)
9: (173, 209)
11: (195, 170)
12: (230, 222)
13: (266, 34)
15: (281, 118)
16: (315, 48)
17: (317, 23)
19: (364, 149)
20: (370, 105)
21: (381, 299)
23: (410, 209)
24: (412, 192)
25: (423, 309)
28: (498, 241)
35: (556, 337)
36: (575, 116)
37: (621, 300)
42: (670, 313)
46: (740, 167)
48: (773, 518)
52: (839, 284)
53: (841, 40)
54: (876, 129)
56: (889, 213)
57: (892, 346)
59: (912, 349)
60: (918, 374)
61: (952, 186)
64: (1022, 318)
65: (1066, 108)
67: (1107, 49)
69: (1129, 338)
71: (1135, 157)
72: (1163, 266)
74: (1201, 402)
76: (1265, 235)
78: (1291, 282)
79: (1324, 266)
80: (1328, 288)
83: (1372, 386)
84: (1377, 231)
87: (1409, 135)
88: (1435, 176)
90: (1477, 226)
==================EDGES=====================
(26, 86) -> (26, 2)
(26, 2) -> (90, 65)
(90, 65) -> (105, 163)
(105, 163) -> (135, 130)
(135, 130) -> (184, 155)
(184, 155) -> (278, 10)
(278, 10) -> (346, 16)
(346, 16) -> (384, 144)
(384, 144) -> (430, 207)
(430, 207) -> (458, 207)
(458, 207) -> (502, 215)
(502, 215) -> (510, 62)
(510, 62) -> (513, 73)
(513, 73) -> (519, 156)
(519, 156) -> (538, 86)
(538, 86) -> (543, 24)
(543, 24) -> (633, 124)
(633, 124) -> (642, 199)
(642, 199) -> (645, 43)
(645, 43) -> (668, 198)
(668, 198) -> (683, 76)
(683, 76) -> (710, 69)
(710, 69) -> (738, 32)
(738, 32) -> (755, 150)
(755, 150) -> (790, 79)
(790, 79) -> (814, 32)
(814, 32) -> (833, 12)
(833, 12) -> (882, 96)
(882, 96) -> (893, 271)
(893, 271) -> (956, 177)
(956, 177) -> (1004, 77)
(1004, 77) -> (1075, 72)
(1075, 72) -> (1108, 15)
(1108, 15) -> (1130, 67)
(1130, 67) -> (1171, 274)
(1171, 274) -> (1230, 288)
(1230, 288) -> (1281, 199)
(1281, 199) -> (1342, 288)
(1342, 288) -> (1355, 82)
(1355, 82) -> (1397, 16)
(1397, 16) -> (1408, 110)
(1408, 110) -> (1471, 76)
(1471, 76) -> (1492, 8)
(1492, 8) -> (1592, 4)
(1592, 4) -> (1619, 104)
(1619, 104) -> (1674, 172)
(1674, 172) -> (1699, 130)
(1699, 130) -> (1713, 99)
(1713, 99) -> (1734, 41)
(1734, 41) -> (1794, 85)
(1794, 85) -> (1815, 346)
(26, 86) -> (42, 56)
(42, 56) -> (77, 63)
(77, 63) -> (81, 192)
(81, 192) -> (147, 352)
(147, 352) -> (173, 209)
(173, 209) -> (195, 170)
(195, 170) -> (230, 222)
(230, 222) -> (266, 34)
(266, 34) -> (281, 118)
(281, 118) -> (315, 48)
(315, 48) -> (317, 23)
(317, 23) -> (364, 149)
(364, 149) -> (370, 105)
(370, 105) -> (381, 299)
(381, 299) -> (410, 209)
(410, 209) -> (412, 192)
(412, 192) -> (423, 309)
(423, 309) -> (498, 241)
(498, 241) -> (556, 337)
(556, 337) -> (575, 116)
(575, 116) -> (621, 300)
(621, 300) -> (670, 313)
(670, 313) -> (740, 167)
(740, 167) -> (773, 518)
(773, 518) -> (839, 284)
(839, 284) -> (841, 40)
(841, 40) -> (876, 129)
(876, 129) -> (889, 213)
(889, 213) -> (892, 346)
(892, 346) -> (912, 349)
(912, 349) -> (918, 374)
(918, 374) -> (952, 186)
(952, 186) -> (1022, 318)
(1022, 318) -> (1066, 108)
(1066, 108) -> (1107, 49)
(1107, 49) -> (1129, 338)
(1129, 338) -> (1135, 157)
(1135, 157) -> (1163, 266)
(1163, 266) -> (1201, 402)
(1201, 402) -> (1265, 235)
(1265, 235) -> (1291, 282)
(1291, 282) -> (1324, 266)
(1324, 266) -> (1328, 288)
(1328, 288) -> (1372, 386)
(1372, 386) -> (1377, 231)
(1377, 231) -> (1409, 135)
(1409, 135) -> (1435, 176)
(1435, 176) -> (1477, 226)
(1477, 226) -> (1815, 346)
