Vertices: 100
Top chain length: 44
Bottom chain length: 56
=============TOP CHAIN VERTICES=============
0: (35, 69)
1: (35, 31)
3: (99, 140)
5: (115, 131)
7: (184, 48)
9: (233, 60)
13: (330, 147)
14: (332, 28)
18: (367, 50)
19: (397, 13)
20: (405, 139)
23: (450, 134)
25: (472, 267)
27: (493, 14)
28: (508, 204)
30: (518, 46)
33: (586, 43)
35: (597, 216)
37: (599, 37)
41: (641, 195)
42: (660, 110)
44: (674, 247)
47: (720, 49)
49: (758, 154)
51: (778, 121)
54: (815, 7)
59: (836, 361)
62: (875, 103)
63: (915, 22)
65: (970, 2)
67: (994, 62)
71: (1040, 158)
72: (1047, 9)
76: (1100, 188)
77: (1115, 95)
79: (1142, 96)
81: (1199, 98)
84: (1236, 200)
85: (1250, 76)
87: (1277, 41)
89: (1287, 201)
91: (1300, 50)
94: (1318, 211)
96: (1345, 189)
===========BOTTOM CHAIN VERTICES============
2: (70, 137)
4: (110, 144)
6: (183, 159)
8: (211, 174)
10: (250, 96)
11: (273, 185)
12: (304, 164)
15: (336, 203)
16: (346, 409)
17: (357, 165)
21: (439, 305)
22: (444, 179)
24: (470, 307)
26: (491, 84)
29: (516, 299)
31: (528, 121)
32: (579, 83)
34: (586, 70)
36: (598, 264)
38: (620, 122)
39: (629, 190)
40: (633, 182)
43: (664, 275)
45: (679, 244)
46: (716, 79)
48: (724, 226)
50: (777, 264)
52: (801, 94)
53: (808, 367)
55: (821, 179)
56: (824, 333)
57: (825, 309)
58: (830, 334)
60: (838, 375)
61: (859, 238)
64: (915, 146)
66: (973, 39)
68: (1003, 167)
69: (1005, 131)
70: (1007, 246)
73: (1049, 371)
74: (1071, 148)
75: (1076, 136)
78: (1128, 390)
80: (1149, 125)
82: (1216, 176)
83: (1226, 520)
86: (1261, 104)
88: (1277, 227)
90: (1290, 342)
92: (1306, 131)
93: (1316, 231)
95: (1335, 221)
97: (1355, 223)
98: (1387, 159)
99: (1436, 22)
==================EDGES=====================
(35, 69) -> (35, 31)
(35, 31) -> (99, 140)
(99, 140) -> (115, 131)
(115, 131) -> (184, 48)
(184, 48) -> (233, 60)
(233, 60) -> (330, 147)
(330, 147) -> (332, 28)
(332, 28) -> (367, 50)
(367, 50) -> (397, 13)
(397, 13) -> (405, 139)
(405, 139) -> (450, 134)
(450, 134) -> (472, 267)
(472, 267) -> (493, 14)
(493, 14) -> (508, 204)
(508, 204) -> (518, 46)
(518, 46) -> (586, 43)
(586, 43) -> (597, 216)
(597, 216) -> (599, 37)
(599, 37) -> (641, 195)
(641, 195) -> (660, 110)
(660, 110) -> (674, 247)
(674, 247) -> (720, 49)
(720, 49) -> (758, 154)
(758, 154) -> (778, 121)
(778, 121) -> (815, 7)
(815, 7) -> (836, 361)
(836, 361) -> (875, 103)
(875, 103) -> (915, 22)
(915, 22) -> (970, 2)
(970, 2) -> (994, 62)
(994, 62) -> (1040, 158)
(1040, 158) -> (1047, 9)
(1047, 9) -> (1100, 188)
(1100, 188) -> (1115, 95)
(1115, 95) -> (1142, 96)
(1142, 96) -> (1199, 98)
(1199, 98) -> (1236, 200)
(1236, 200) -> (1250, 76)
(1250, 76) -> (1277, 41)
(1277, 41) -> (1287, 201)
(1287, 201) -> (1300, 50)
(1300, 50) -> (1318, 211)
(1318, 211) -> (1345, 189)
(35, 69) -> (70, 137)
(70, 137) -> (110, 144)
(110, 144) -> (183, 159)
(183, 159) -> (211, 174)
(211, 174) -> (250, 96)
(250, 96) -> (273, 185)
(273, 185) -> (304, 164)
(304, 164) -> (336, 203)
(336, 203) -> (346, 409)
(346, 409) -> (357, 165)
(357, 165) -> (439, 305)
(439, 305) -> (444, 179)
(444, 179) -> (470, 307)
(470, 307) -> (491, 84)
(491, 84) -> (516, 299)
(516, 299) -> (528, 121)
(528, 121) -> (579, 83)
(579, 83) -> (586, 70)
(586, 70) -> (598, 264)
(598, 264) -> (620, 122)
(620, 122) -> (629, 190)
(629, 190) -> (633, 182)
(633, 182) -> (664, 275)
(664, 275) -> (679, 244)
(679, 244) -> (716, 79)
(716, 79) -> (724, 226)
(724, 226) -> (777, 264)
(777, 264) -> (801, 94)
(801, 94) -> (808, 367)
(808, 367) -> (821, 179)
(821, 179) -> (824, 333)
(824, 333) -> (825, 309)
(825, 309) -> (830, 334)
(830, 334) -> (838, 375)
(838, 375) -> (859, 238)
(859, 238) -> (915, 146)
(915, 146) -> (973, 39)
(973, 39) -> (1003, 167)
(1003, 167) -> (1005, 131)
(1005, 131) -> (1007, 246)
(1007, 246) -> (1049, 371)
(1049, 371) -> (1071, 148)
(1071, 148) -> (1076, 136)
(1076, 136) -> (1128, 390)
(1128, 390) -> (1149, 125)
(1149, 125) -> (1216, 176)
(1216, 176) -> (1226, 520)
(1226, 520) -> (1261, 104)
(1261, 104) -> (1277, 227)
(1277, 227) -> (1290, 342)
(1290, 342) -> (1306, 131)
(1306, 131) -> (1316, 231)
(1316, 231) -> (1335, 221)
(1335, 221) -> (1355, 223)
(1355, 223) -> (1387, 159)
(1387, 159) -> (1436, 22)
(1436, 22) -> (1345, 189)
