Vertices: 100
Top chain length: 57
Bottom chain length: 43
=============TOP CHAIN VERTICES=============
0: (21, 428)
1: (21, 281)
2: (35, 221)
7: (101, 413)
8: (124, 9)
11: (148, 67)
13: (164, 169)
15: (168, 134)
17: (184, 125)
21: (211, 171)
22: (229, 203)
24: (302, 192)
25: (317, 26)
27: (384, 124)
28: (386, 88)
29: (416, 22)
31: (428, 230)
32: (442, 1)
37: (461, 242)
39: (537, 64)
42: (572, 3)
45: (628, 15)
49: (729, 44)
52: (782, 87)
55: (828, 148)
60: (882, 364)
62: (920, 62)
67: (954, 3)
68: (955, 174)
72: (1000, 87)
73: (1025, 308)
74: (1058, 81)
75: (1076, 109)
76: (1093, 94)
77: (1134, 47)
78: (1168, 241)
79: (1197, 188)
80: (1223, 88)
81: (1240, 131)
82: (1265, 143)
83: (1280, 74)
84: (1311, 92)
85: (1377, 51)
86: (1404, 1)
87: (1418, 54)
88: (1467, 100)
89: (1468, 217)
90: (1500, 33)
91: (1513, 107)
92: (1522, 364)
93: (1528, 90)
94: (1562, 99)
95: (1566, 92)
96: (1575, 18)
97: (1659, 50)
98: (1716, 103)
99: (1736, 342)
===========BOTTOM CHAIN VERTICES============
3: (57, 289)
4: (63, 356)
5: (70, 349)
6: (96, 449)
9: (140, 219)
10: (146, 119)
12: (150, 129)
14: (167, 290)
16: (183, 144)
18: (193, 199)
19: (200, 163)
20: (204, 385)
23: (246, 224)
26: (352, 166)
30: (421, 271)
33: (447, 200)
34: (450, 105)
35: (454, 221)
36: (457, 288)
38: (526, 128)
40: (540, 112)
41: (560, 85)
43: (588, 240)
44: (624, 104)
46: (658, 110)
47: (697, 107)
48: (725, 133)
50: (766, 232)
51: (780, 158)
53: (787, 104)
54: (819, 183)
56: (841, 333)
57: (855, 268)
58: (857, 270)
59: (868, 424)
61: (919, 363)
63: (926, 69)
64: (929, 182)
65: (937, 172)
66: (944, 102)
69: (962, 232)
70: (982, 146)
71: (990, 450)
==================EDGES=====================
(21, 428) -> (21, 281)
(21, 281) -> (35, 221)
(35, 221) -> (101, 413)
(101, 413) -> (124, 9)
(124, 9) -> (148, 67)
(148, 67) -> (164, 169)
(164, 169) -> (168, 134)
(168, 134) -> (184, 125)
(184, 125) -> (211, 171)
(211, 171) -> (229, 203)
(229, 203) -> (302, 192)
(302, 192) -> (317, 26)
(317, 26) -> (384, 124)
(384, 124) -> (386, 88)
(386, 88) -> (416, 22)
(416, 22) -> (428, 230)
(428, 230) -> (442, 1)
(442, 1) -> (461, 242)
(461, 242) -> (537, 64)
(537, 64) -> (572, 3)
(572, 3) -> (628, 15)
(628, 15) -> (729, 44)
(729, 44) -> (782, 87)
(782, 87) -> (828, 148)
(828, 148) -> (882, 364)
(882, 364) -> (920, 62)
(920, 62) -> (954, 3)
(954, 3) -> (955, 174)
(955, 174) -> (1000, 87)
(1000, 87) -> (1025, 308)
(1025, 308) -> (1058, 81)
(1058, 81) -> (1076, 109)
(1076, 109) -> (1093, 94)
(1093, 94) -> (1134, 47)
(1134, 47) -> (1168, 241)
(1168, 241) -> (1197, 188)
(1197, 188) -> (1223, 88)
(1223, 88) -> (1240, 131)
(1240, 131) -> (1265, 143)
(1265, 143) -> (1280, 74)
(1280, 74) -> (1311, 92)
(1311, 92) -> (1377, 51)
(1377, 51) -> (1404, 1)
(1404, 1) -> (1418, 54)
(1418, 54) -> (1467, 100)
(1467, 100) -> (1468, 217)
(1468, 217) -> (1500, 33)
(1500, 33) -> (1513, 107)
(1513, 107) -> (1522, 364)
(1522, 364) -> (1528, 90)
(1528, 90) -> (1562, 99)
(1562, 99) -> (1566, 92)
(1566, 92) -> (1575, 18)
(1575, 18) -> (1659, 50)
(1659, 50) -> (1716, 103)
(1716, 103) -> (1736, 342)
(21, 428) -> (57, 289)
(57, 289) -> (63, 356)
(63, 356) -> (70, 349)
(70, 349) -> (96, 449)
(96, 449) -> (140, 219)
(140, 219) -> (146, 119)
(146, 119) -> (150, 129)
(150, 129) -> (167, 290)
(167, 290) -> (183, 144)
(183, 144) -> (193, 199)
(193, 199) -> (200, 163)
(200, 163) -> (204, 385)
(204, 385) -> (246, 224)
(246, 224) -> (352, 166)
(352, 166) -> (421, 271)
(421, 271) -> (447, 200)
(447, 200) -> (450, 105)
(450, 105) -> (454, 221)
(454, 221) -> (457, 288)
(457, 288) -> (526, 128)
(526, 128) -> (540, 112)
(540, 112) -> (560, 85)
(560, 85) -> (588, 240)
(588, 240) -> (624, 104)
(624, 104) -> (658, 110)
(658, 110) -> (697, 107)
(697, 107) -> (725, 133)
(725, 133) -> (766, 232)
(766, 232) -> (780, 158)
(780, 158) -> (787, 104)
(787, 104) -> (819, 183)
(819, 183) -> (841, 333)
(841, 333) -> (855, 268)
(855, 268) -> (857, 270)
(857, 270) -> (868, 424)
(868, 424) -> (919, 363)
(919, 363) -> (926, 69)
(926, 69) -> (929, 182)
(929, 182) -> (937, 172)
(937, 172) -> (944, 102)
(944, 102) -> (962, 232)
(962, 232) -> (982, 146)
(982, 146) -> (990, 450)
(990, 450) -> (1736, 342)
