Vertices: 100
Top chain length: 61
Bottom chain length: 39
=============TOP CHAIN VERTICES=============
0: (78, 177)
1: (78, 42)
2: (86, 35)
3: (87, 29)
6: (103, 295)
8: (119, 95)
14: (146, 84)
17: (161, 303)
20: (180, 78)
21: (221, 20)
22: (222, 192)
23: (224, 88)
26: (244, 90)
31: (278, 248)
32: (303, 110)
33: (347, 88)
35: (401, 397)
37: (419, 15)
39: (454, 58)
40: (511, 63)
41: (517, 85)
43: (532, 1)
45: (553, 26)
46: (555, 45)
49: (607, 295)
52: (649, 143)
54: (659, 101)
57: (724, 287)
58: (732, 294)
63: (811, 80)
67: (859, 89)
69: (904, 207)
71: (937, 7)
72: (942, 92)
73: (948, 64)
74: (988, 42)
75: (1055, 27)
76: (1088, 288)
77: (1104, 102)
78: (1107, 30)
79: (1127, 28)
80: (1163, 192)
81: (1181, 101)
82: (1183, 17)
83: (1204, 164)
84: (1243, 132)
85: (1288, 49)
86: (1319, 37)
87: (1332, 108)
88: (1337, 271)
89: (1356, 275)
90: (1399, 57)
91: (1411, 7)
92: (1469, 192)
93: (1504, 16)
94: (1556, 67)
95: (1592, 63)
96: (1594, 87)
97: (1643, 0)
98: (1685, 24)
99: (1757, 128)
===========BOTTOM CHAIN VERTICES============
4: (96, 274)
5: (101, 344)
7: (115, 245)
9: (120, 123)
10: (122, 275)
11: (127, 195)
12: (142, 164)
13: (145, 141)
15: (156, 253)
16: (158, 280)
18: (168, 365)
19: (173, 167)
24: (224, 214)
25: (240, 139)
27: (244, 156)
28: (246, 130)
29: (255, 203)
30: (257, 262)
34: (365, 237)
36: (401, 413)
38: (451, 63)
42: (526, 126)
44: (538, 202)
47: (569, 146)
48: (584, 211)
50: (624, 363)
51: (631, 218)
53: (658, 164)
55: (688, 223)
56: (696, 275)
59: (750, 332)
60: (761, 252)
61: (771, 222)
62: (789, 269)
64: (828, 194)
65: (841, 105)
66: (846, 97)
68: (866, 196)
70: (905, 498)
==================EDGES=====================
(78, 177) -> (78, 42)
(78, 42) -> (86, 35)
(86, 35) -> (87, 29)
(87, 29) -> (103, 295)
(103, 295) -> (119, 95)
(119, 95) -> (146, 84)
(146, 84) -> (161, 303)
(161, 303) -> (180, 78)
(180, 78) -> (221, 20)
(221, 20) -> (222, 192)
(222, 192) -> (224, 88)
(224, 88) -> (244, 90)
(244, 90) -> (278, 248)
(278, 248) -> (303, 110)
(303, 110) -> (347, 88)
(347, 88) -> (401, 397)
(401, 397) -> (419, 15)
(419, 15) -> (454, 58)
(454, 58) -> (511, 63)
(511, 63) -> (517, 85)
(517, 85) -> (532, 1)
(532, 1) -> (553, 26)
(553, 26) -> (555, 45)
(555, 45) -> (607, 295)
(607, 295) -> (649, 143)
(649, 143) -> (659, 101)
(659, 101) -> (724, 287)
(724, 287) -> (732, 294)
(732, 294) -> (811, 80)
(811, 80) -> (859, 89)
(859, 89) -> (904, 207)
(904, 207) -> (937, 7)
(937, 7) -> (942, 92)
(942, 92) -> (948, 64)
(948, 64) -> (988, 42)
(988, 42) -> (1055, 27)
(1055, 27) -> (1088, 288)
(1088, 288) -> (1104, 102)
(1104, 102) -> (1107, 30)
(1107, 30) -> (1127, 28)
(1127, 28) -> (1163, 192)
(1163, 192) -> (1181, 101)
(1181, 101) -> (1183, 17)
(1183, 17) -> (1204, 164)
(1204, 164) -> (1243, 132)
(1243, 132) -> (1288, 49)
(1288, 49) -> (1319, 37)
(1319, 37) -> (1332, 108)
(1332, 108) -> (1337, 271)
(1337, 271) -> (1356, 275)
(1356, 275) -> (1399, 57)
(1399, 57) -> (1411, 7)
(1411, 7) -> (1469, 192)
(1469, 192) -> (1504, 16)
(1504, 16) -> (1556, 67)
(1556, 67) -> (1592, 63)
(1592, 63) -> (1594, 87)
(1594, 87) -> (1643, 0)
(1643, 0) -> (1685, 24)
(1685, 24) -> (1757, 128)
(78, 177) -> (96, 274)
(96, 274) -> (101, 344)
(101, 344) -> (115, 245)
(115, 245) -> (120, 123)
(120, 123) -> (122, 275)
(122, 275) -> (127, 195)
(127, 195) -> (142, 164)
(142, 164) -> (145, 141)
(145, 141) -> (156, 253)
(156, 253) -> (158, 280)
(158, 280) -> (168, 365)
(168, 365) -> (173, 167)
(173, 167) -> (224, 214)
(224, 214) -> (240, 139)
(240, 139) -> (244, 156)
(244, 156) -> (246, 130)
(246, 130) -> (255, 203)
(255, 203) -> (257, 262)
(257, 262) -> (365, 237)
(365, 237) -> (401, 413)
(401, 413) -> (451, 63)
(451, 63) -> (526, 126)
(526, 126) -> (538, 202)
(538, 202) -> (569, 146)
(569, 146) -> (584, 211)
(584, 211) -> (624, 363)
(624, 363) -> (631, 218)
(631, 218) -> (658, 164)
(658, 164) -> (688, 223)
(688, 223) -> (696, 275)
(696, 275) -> (750, 332)
(750, 332) -> (761, 252)
(761, 252) -> (771, 222)
(771, 222) -> (789, 269)
(789, 269) -> (828, 194)
(828, 194) -> (841, 105)
(841, 105) -> (846, 97)
(846, 97) -> (866, 196)
(866, 196) -> (905, 498)
(905, 498) -> (1757, 128)
