Vertices: 100
Top chain length: 51
Bottom chain length: 49
=============TOP CHAIN VERTICES=============
0: (23, 425)
1: (23, 9)
5: (81, 109)
6: (82, 60)
7: (95, 91)
10: (135, 91)
13: (147, 332)
15: (158, 86)
16: (183, 226)
17: (202, 65)
19: (210, 280)
22: (246, 7)
24: (267, 236)
25: (281, 322)
26: (328, 6)
29: (387, 50)
33: (425, 228)
34: (438, 42)
35: (475, 123)
36: (477, 89)
39: (500, 228)
42: (568, 154)
43: (578, 156)
45: (602, 163)
46: (650, 85)
48: (681, 52)
49: (696, 53)
50: (744, 133)
51: (767, 32)
55: (849, 52)
59: (900, 88)
62: (928, 65)
63: (934, 129)
65: (940, 214)
66: (947, 160)
68: (961, 141)
69: (978, 33)
73: (1013, 227)
74: (1015, 165)
76: (1063, 57)
77: (1078, 74)
81: (1156, 147)
83: (1190, 8)
84: (1210, 182)
85: (1230, 75)
87: (1270, 166)
89: (1279, 47)
92: (1312, 109)
94: (1339, 53)
95: (1345, 26)
96: (1372, 97)
===========BOTTOM CHAIN VERTICES============
2: (37, 110)
3: (62, 131)
4: (79, 448)
8: (95, 156)
9: (128, 93)
11: (143, 253)
12: (146, 326)
14: (148, 426)
18: (204, 277)
20: (223, 389)
21: (242, 315)
23: (258, 396)
27: (342, 139)
28: (364, 117)
30: (390, 94)
31: (414, 239)
32: (415, 300)
37: (487, 178)
38: (489, 186)
40: (513, 381)
41: (551, 173)
44: (594, 343)
47: (659, 81)
52: (768, 332)
53: (806, 133)
54: (847, 82)
56: (884, 102)
57: (886, 155)
58: (897, 364)
60: (900, 97)
61: (912, 120)
64: (937, 211)
67: (960, 292)
70: (978, 35)
71: (1004, 190)
72: (1011, 246)
75: (1047, 342)
78: (1093, 206)
79: (1148, 204)
80: (1152, 208)
82: (1174, 283)
86: (1257, 146)
88: (1275, 193)
90: (1283, 115)
91: (1287, 112)
93: (1330, 124)
97: (1379, 108)
98: (1455, 38)
99: (1457, 24)
==================EDGES=====================
(23, 425) -> (23, 9)
(23, 9) -> (81, 109)
(81, 109) -> (82, 60)
(82, 60) -> (95, 91)
(95, 91) -> (135, 91)
(135, 91) -> (147, 332)
(147, 332) -> (158, 86)
(158, 86) -> (183, 226)
(183, 226) -> (202, 65)
(202, 65) -> (210, 280)
(210, 280) -> (246, 7)
(246, 7) -> (267, 236)
(267, 236) -> (281, 322)
(281, 322) -> (328, 6)
(328, 6) -> (387, 50)
(387, 50) -> (425, 228)
(425, 228) -> (438, 42)
(438, 42) -> (475, 123)
(475, 123) -> (477, 89)
(477, 89) -> (500, 228)
(500, 228) -> (568, 154)
(568, 154) -> (578, 156)
(578, 156) -> (602, 163)
(602, 163) -> (650, 85)
(650, 85) -> (681, 52)
(681, 52) -> (696, 53)
(696, 53) -> (744, 133)
(744, 133) -> (767, 32)
(767, 32) -> (849, 52)
(849, 52) -> (900, 88)
(900, 88) -> (928, 65)
(928, 65) -> (934, 129)
(934, 129) -> (940, 214)
(940, 214) -> (947, 160)
(947, 160) -> (961, 141)
(961, 141) -> (978, 33)
(978, 33) -> (1013, 227)
(1013, 227) -> (1015, 165)
(1015, 165) -> (1063, 57)
(1063, 57) -> (1078, 74)
(1078, 74) -> (1156, 147)
(1156, 147) -> (1190, 8)
(1190, 8) -> (1210, 182)
(1210, 182) -> (1230, 75)
(1230, 75) -> (1270, 166)
(1270, 166) -> (1279, 47)
(1279, 47) -> (1312, 109)
(1312, 109) -> (1339, 53)
(1339, 53) -> (1345, 26)
(1345, 26) -> (1372, 97)
(23, 425) -> (37, 110)
(37, 110) -> (62, 131)
(62, 131) -> (79, 448)
(79, 448) -> (95, 156)
(95, 156) -> (128, 93)
(128, 93) -> (143, 253)
(143, 253) -> (146, 326)
(146, 326) -> (148, 426)
(148, 426) -> (204, 277)
(204, 277) -> (223, 389)
(223, 389) -> (242, 315)
(242, 315) -> (258, 396)
(258, 396) -> (342, 139)
(342, 139) -> (364, 117)
(364, 117) -> (390, 94)
(390, 94) -> (414, 239)
(414, 239) -> (415, 300)
(415, 300) -> (487, 178)
(487, 178) -> (489, 186)
(489, 186) -> (513, 381)
(513, 381) -> (551, 173)
(551, 173) -> (594, 343)
(594, 343) -> (659, 81)
(659, 81) -> (768, 332)
(768, 332) -> (806, 133)
(806, 133) -> (847, 82)
(847, 82) -> (884, 102)
(884, 102) -> (886, 155)
(886, 155) -> (897, 364)
(897, 364) -> (900, 97)
(900, 97) -> (912, 120)
(912, 120) -> (937, 211)
(937, 211) -> (960, 292)
(960, 292) -> (978, 35)
(978, 35) -> (1004, 190)
(1004, 190) -> (1011, 246)
(1011, 246) -> (1047, 342)
(1047, 342) -> (1093, 206)
(1093, 206) -> (1148, 204)
(1148, 204) -> (1152, 208)
(1152, 208) -> (1174, 283)
(1174, 283) -> (1257, 146)
(1257, 146) -> (1275, 193)
(1275, 193) -> (1283, 115)
(1283, 115) -> (1287, 112)
(1287, 112) -> (1330, 124)
(1330, 124) -> (1379, 108)
(1379, 108) -> (1455, 38)
(1455, 38) -> (1457, 24)
(1457, 24) -> (1372, 97)
