Vertices: 100
Top chain length: 40
Bottom chain length: 60
=============TOP CHAIN VERTICES=============
0: (22, 264)
1: (22, 17)
6: (69, 64)
12: (132, 250)
13: (154, 53)
14: (155, 77)
16: (203, 48)
18: (217, 344)
20: (240, 29)
21: (252, 31)
22: (272, 59)
25: (308, 26)
26: (329, 257)
30: (399, 120)
33: (403, 241)
36: (434, 88)
37: (468, 35)
39: (506, 183)
40: (508, 116)
41: (529, 123)
45: (565, 113)
48: (594, 18)
49: (599, 24)
51: (641, 85)
52: (650, 149)
54: (693, 61)
55: (701, 30)
57: (710, 11)
62: (758, 501)
64: (792, 381)
65: (828, 138)
67: (863, 43)
70: (887, 233)
72: (908, 296)
73: (931, 2)
79: (1006, 59)
80: (1007, 139)
85: (1033, 70)
87: (1063, 91)
90: (1114, 47)
===========BOTTOM CHAIN VERTICES============
2: (25, 82)
3: (46, 246)
4: (51, 360)
5: (58, 146)
7: (82, 206)
8: (95, 181)
9: (105, 197)
10: (113, 240)
11: (125, 265)
15: (163, 422)
17: (208, 278)
19: (217, 401)
23: (274, 130)
24: (303, 280)
27: (354, 337)
28: (380, 203)
29: (393, 262)
31: (399, 150)
32: (401, 215)
34: (419, 643)
35: (430, 264)
38: (494, 156)
42: (530, 260)
43: (542, 177)
44: (562, 218)
46: (587, 148)
47: (590, 71)
50: (632, 127)
53: (684, 266)
56: (707, 69)
58: (720, 247)
59: (725, 211)
60: (727, 193)
61: (749, 464)
63: (763, 533)
66: (843, 164)
68: (882, 323)
69: (886, 296)
71: (895, 383)
74: (957, 37)
75: (979, 188)
76: (981, 60)
77: (988, 102)
78: (1005, 64)
81: (1007, 303)
82: (1014, 270)
83: (1026, 120)
84: (1031, 190)
86: (1050, 451)
88: (1074, 146)
89: (1090, 141)
91: (1168, 200)
92: (1229, 293)
93: (1264, 38)
94: (1277, 129)
95: (1303, 53)
96: (1308, 111)
97: (1351, 131)
98: (1376, 73)
99: (1387, 13)
==================EDGES=====================
(22, 264) -> (22, 17)
(22, 17) -> (69, 64)
(69, 64) -> (132, 250)
(132, 250) -> (154, 53)
(154, 53) -> (155, 77)
(155, 77) -> (203, 48)
(203, 48) -> (217, 344)
(217, 344) -> (240, 29)
(240, 29) -> (252, 31)
(252, 31) -> (272, 59)
(272, 59) -> (308, 26)
(308, 26) -> (329, 257)
(329, 257) -> (399, 120)
(399, 120) -> (403, 241)
(403, 241) -> (434, 88)
(434, 88) -> (468, 35)
(468, 35) -> (506, 183)
(506, 183) -> (508, 116)
(508, 116) -> (529, 123)
(529, 123) -> (565, 113)
(565, 113) -> (594, 18)
(594, 18) -> (599, 24)
(599, 24) -> (641, 85)
(641, 85) -> (650, 149)
(650, 149) -> (693, 61)
(693, 61) -> (701, 30)
(701, 30) -> (710, 11)
(710, 11) -> (758, 501)
(758, 501) -> (792, 381)
(792, 381) -> (828, 138)
(828, 138) -> (863, 43)
(863, 43) -> (887, 233)
(887, 233) -> (908, 296)
(908, 296) -> (931, 2)
(931, 2) -> (1006, 59)
(1006, 59) -> (1007, 139)
(1007, 139) -> (1033, 70)
(1033, 70) -> (1063, 91)
(1063, 91) -> (1114, 47)
(22, 264) -> (25, 82)
(25, 82) -> (46, 246)
(46, 246) -> (51, 360)
(51, 360) -> (58, 146)
(58, 146) -> (82, 206)
(82, 206) -> (95, 181)
(95, 181) -> (105, 197)
(105, 197) -> (113, 240)
(113, 240) -> (125, 265)
(125, 265) -> (163, 422)
(163, 422) -> (208, 278)
(208, 278) -> (217, 401)
(217, 401) -> (274, 130)
(274, 130) -> (303, 280)
(303, 280) -> (354, 337)
(354, 337) -> (380, 203)
(380, 203) -> (393, 262)
(393, 262) -> (399, 150)
(399, 150) -> (401, 215)
(401, 215) -> (419, 643)
(419, 643) -> (430, 264)
(430, 264) -> (494, 156)
(494, 156) -> (530, 260)
(530, 260) -> (542, 177)
(542, 177) -> (562, 218)
(562, 218) -> (587, 148)
(587, 148) -> (590, 71)
(590, 71) -> (632, 127)
(632, 127) -> (684, 266)
(684, 266) -> (707, 69)
(707, 69) -> (720, 247)
(720, 247) -> (725, 211)
(725, 211) -> (727, 193)
(727, 193) -> (749, 464)
(749, 464) -> (763, 533)
(763, 533) -> (843, 164)
(843, 164) -> (882, 323)
(882, 323) -> (886, 296)
(886, 296) -> (895, 383)
(895, 383) -> (957, 37)
(957, 37) -> (979, 188)
(979, 188) -> (981, 60)
(981, 60) -> (988, 102)
(988, 102) -> (1005, 64)
(1005, 64) -> (1007, 303)
(1007, 303) -> (1014, 270)
(1014, 270) -> (1026, 120)
(1026, 120) -> (1031, 190)
(1031, 190) -> (1050, 451)
(1050, 451) -> (1074, 146)
(1074, 146) -> (1090, 141)
(1090, 141) -> (1168, 200)
(1168, 200) -> (1229, 293)
(1229, 293) -> (1264, 38)
(1264, 38) -> (1277, 129)
(1277, 129) -> (1303, 53)
(1303, 53) -> (1308, 111)
(1308, 111) -> (1351, 131)
(1351, 131) -> (1376, 73)
(1376, 73) -> (1387, 13)
(1387, 13) -> (1114, 47)
