Vertices: 10
Top chain length: 4
Bottom chain length: 6
=============TOP CHAIN VERTICES=============
(26, 59)
(97, 217)
(153, 2)
(159, 255)
===========BOTTOM CHAIN VERTICES============
(57, 62)
(97, 9)
(102, 123)
(107, 67)
(140, 16)
(153, 1)
==================EDGES=====================
(26, 59) -> (97, 217)
(97, 217) -> (153, 2)
(153, 2) -> (159, 255)
(26, 59) -> (57, 62)
(57, 62) -> (97, 9)
(97, 9) -> (102, 123)
(102, 123) -> (107, 67)
(107, 67) -> (140, 16)
(140, 16) -> (153, 1)
(153, 1) -> (159, 255)
